DMY	HMS	LAT	LON	CONDUCTIVITY	SALINITY	OCEAN.TEMP	BULK.RED	STREAM.PRESSURE	FILTER.PRESSURE	MACHINE.TEMP	Xaccel	Yaccel	Zaccel	MILLISECOND.TIMER	LASER.POWER	EVENT.RATE	FLOW.METER	position	NULL.	NULL..1	NULL..2	time	day	file
NA	NA	47.296117	-122.543432	NA	NA	NA	18.5763	12.04	NA	NA	0	0	0	90843844	0	-1	5.26	"171628.000,4717.7670,N,12232.6059,W"	0	0	0	11/8/2009 17:18	2010_365	309
NA	NA	47.30216	-122.547403	NA	NA	NA	19.3641	12.05	NA	NA	0	0	0	91023911	0	-1	5.28	"171935.000,4718.1296,N,12232.8442,W"	0	0	0	11/8/2009 17:21	2010_365	310
NA	NA	47.307598	-122.553087	NA	NA	NA	22.1395	12.02	NA	NA	0	0	0	91203773	0	-1	5.29	"172225.000,4718.4559,N,12233.1852,W"	0	0	0	11/8/2009 17:24	2010_365	311
NA	NA	47.313992	-122.558548	NA	NA	NA	22.7535	12	NA	NA	0	0	0	91383930	0	-1	5.29	"172537.000,4718.8395,N,12233.5129,W"	0	0	0	11/8/2009 17:27	2010_365	312
NA	NA	47.319938	-122.556633	NA	NA	NA	19.6091	12.01	NA	NA	0	0	0	91564063	0	-1	5.29	"172819.000,4719.1963,N,12233.3980,W"	0	0	0	11/8/2009 17:30	2010_365	313
NA	NA	47.327875	-122.553718	NA	NA	NA	17.8128	11.99	NA	NA	0	0	0	91744123	0	-1	5.3	"173135.000,4719.6725,N,12233.2231,W"	0	0	0	11/8/2009 17:33	2010_365	314
NA	NA	47.335442	-122.549972	NA	NA	NA	19.3628	12	NA	NA	0	0	0	91924458	0	-1	5.3	"173437.000,4720.1265,N,12232.9983,W"	0	0	0	11/8/2009 17:36	2010_365	315
NA	NA	47.342482	-122.546545	NA	NA	NA	19.0047	12.01	NA	NA	0	0	0	92104489	0	-1	5.3	"173719.000,4720.5489,N,12232.7927,W"	0	0	0	11/8/2009 17:39	2010_365	316
NA	NA	47.350373	-122.541897	NA	NA	NA	18.6619	11.98	NA	NA	0	0	0	92284311	0	-1	5.3	"174028.000,4721.0224,N,12232.5138,W"	0	0	0	11/8/2009 17:42	2010_365	317
NA	NA	47.358057	-122.537538	NA	NA	NA	19.0457	12.01	NA	NA	0	0	0	92464605	0	-1	5.3	"174329.000,4721.4834,N,12232.2523,W"	0	0	0	11/8/2009 17:45	2010_365	318
NA	NA	47.365893	-122.533633	NA	NA	NA	19.4235	12.05	NA	NA	0	0	0	92644425	0	-1	5.3	"174629.000,4721.9536,N,12232.0180,W"	0	0	0	11/8/2009 17:48	2010_365	319
NA	NA	47.374063	-122.529408	NA	NA	NA	19.0418	12.03	NA	NA	0	0	0	92824355	0	-1	5.3	"174930.000,4722.4438,N,12231.7645,W"	0	0	0	11/8/2009 17:51	2010_365	320
NA	NA	47.382502	-122.531312	NA	NA	NA	19.1906	12.02	NA	NA	0	0	0	93004815	0	-1	5.3	"175230.000,4722.9501,N,12231.8787,W"	0	0	0	11/8/2009 17:54	2010_365	321
NA	NA	47.390028	-122.535483	NA	NA	NA	19.288	12.04	NA	NA	0	0	0	93184513	0	-1	5.3	"175520.000,4723.4017,N,12232.1290,W"	0	0	0	11/8/2009 17:57	2010_365	322
NA	NA	47.398337	-122.535725	NA	NA	NA	18.8955	12.03	NA	NA	0	0	0	93364786	0	-1	5.3	"175822.000,4723.9002,N,12232.1435,W"	0	0	0	11/8/2009 18:00	2010_365	323
NA	NA	47.406395	-122.532345	NA	NA	NA	19.4494	12.02	NA	NA	0	0	0	93544637	0	-1	5.3	"180117.000,4724.3837,N,12231.9407,W"	0	0	0	11/8/2009 18:03	2010_365	324
NA	NA	47.41397	-122.527547	NA	NA	NA	19.2457	12.04	NA	NA	0	0	0	93724972	0	-1	5.3	"180417.000,4724.8382,N,12231.6528,W"	0	0	0	11/8/2009 18:06	2010_365	325
NA	NA	47.417107	-122.528752	NA	NA	NA	19.2094	12.04	NA	NA	0	0	0	93904929	0	-1	5.3	"180724.000,4725.0264,N,12231.7251,W"	0	0	0	11/8/2009 18:09	2010_365	326
NA	NA	47.416667	-122.528752	NA	NA	NA	18.8974	12.04	NA	NA	0	0	0	94084958	0	-1	5.3	"181000.000,4725.0000,N,12231.7251,W"	0	0	0	11/8/2009 18:12	2010_365	327
NA	NA	47.416437	-122.526923	NA	NA	NA	18.8432	12	NA	NA	0	0	0	94264851	0	-1	5.3	"181321.000,4724.9862,N,12231.6154,W"	0	0	0	11/8/2009 18:15	2010_365	328
NA	NA	47.416518	-122.527112	NA	NA	NA	18.8048	12	NA	NA	0	0	0	94445036	0	-1	5.3	"181633.000,4724.9911,N,12231.6267,W"	0	0	0	11/8/2009 18:18	2010_365	329
NA	NA	47.416498	-122.527107	NA	NA	NA	18.8218	12.05	NA	NA	0	0	0	94625178	0	-1	5.3	"181935.000,4724.9899,N,12231.6264,W"	0	0	0	11/8/2009 18:21	2010_365	330
NA	NA	47.416467	-122.527155	NA	NA	NA	18.9238	12.03	NA	NA	0	0	0	94805061	0	-1	5.3	"182230.000,4724.9880,N,12231.6293,W"	0	0	0	11/8/2009 18:24	2010_365	331
NA	NA	47.416517	-122.527163	NA	NA	NA	18.6529	11.99	NA	NA	0	0	0	94985406	0	-1	5.3	"182535.000,4724.9910,N,12231.6298,W"	0	0	0	11/8/2009 18:27	2010_365	332
NA	NA	47.416267	-122.527112	NA	NA	NA	18.6857	12.06	NA	NA	0	0	0	95165487	0	-1	5.3	"182822.000,4724.9760,N,12231.6267,W"	0	0	0	11/8/2009 18:30	2010_365	333
NA	NA	47.416265	-122.527118	NA	NA	NA	18.5996	12.02	NA	NA	0	0	0	95345381	0	-1	5.3	"183122.000,4724.9759,N,12231.6271,W"	0	0	0	11/8/2009 18:33	2010_365	334
NA	NA	47.416068	-122.527178	NA	NA	NA	19.0521	12.01	NA	NA	0	0	0	95525218	0	-1	5.3	"183426.000,4724.9641,N,12231.6307,W"	0	0	0	11/8/2009 18:36	2010_365	335
NA	NA	47.416087	-122.52722	NA	NA	NA	18.8409	12.05	NA	NA	0	0	0	95705371	0	-1	5.31	"183733.000,4724.9652,N,12231.6332,W"	0	0	0	11/8/2009 18:39	2010_365	336
NA	NA	47.41621	-122.527238	NA	NA	NA	19.1095	12.05	NA	NA	0	0	0	95885537	0	-1	5.31	"184038.000,4724.9726,N,12231.6343,W"	0	0	0	11/8/2009 18:42	2010_365	337
NA	NA	47.41626	-122.527288	NA	NA	NA	18.7843	12.01	NA	NA	0	0	0	96065365	0	-1	5.31	"184333.000,4724.9756,N,12231.6373,W"	0	0	0	11/8/2009 18:45	2010_365	338
NA	NA	47.416333	-122.527167	NA	NA	NA	18.6696	12.05	NA	NA	0	0	0	96294655	0	-1	5.31	"184728.000,4724.9800,N,12231.6300,W"	0	0	0	11/8/2009 18:49	2010_365	339
NA	NA	47.416443	-122.52707	NA	NA	NA	18.9478	12.08	NA	NA	0	0	0	96474885	0	-1	5.31	"185012.000,4724.9866,N,12231.6242,W"	0	0	0	11/8/2009 18:52	2010_365	340
NA	NA	47.416458	-122.526993	NA	NA	NA	18.6103	12.03	NA	NA	0	0	0	96655188	0	-1	5.31	"185312.000,4724.9875,N,12231.6196,W"	0	0	0	11/8/2009 18:55	2010_365	341
NA	NA	47.416505	-122.526993	NA	NA	NA	18.7978	12.01	NA	NA	0	0	0	96835046	0	-1	5.31	"185619.000,4724.9903,N,12231.6196,W"	0	0	0	11/8/2009 18:58	2010_365	342
NA	NA	47.416462	-122.527238	NA	NA	NA	19.0796	12.04	NA	NA	0	0	0	97015008	0	-1	5.31	"185923.000,4724.9877,N,12231.6343,W"	0	0	0	11/8/2009 19:01	2010_365	343
NA	NA	47.416478	-122.526987	NA	NA	NA	18.5343	12.04	NA	NA	0	0	0	97195335	0	-1	5.31	"190204.000,4724.9887,N,12231.6192,W"	0	0	0	11/8/2009 19:04	2010_365	344
NA	NA	47.416467	-122.527	NA	NA	NA	18.8054	12.04	NA	NA	0	0	0	97375092	0	-1	5.31	"190527.000,4724.9880,N,12231.6200,W"	0	0	0	11/8/2009 19:07	2010_365	345
NA	NA	47.41646	-122.527012	NA	NA	NA	18.7131	12.03	NA	NA	0	0	0	97555361	0	-1	5.31	"190823.000,4724.9876,N,12231.6207,W"	0	0	0	11/8/2009 19:10	2010_365	346
NA	NA	47.416467	-122.52688	NA	NA	NA	18.4721	12.02	NA	NA	0	0	0	97735514	0	-1	5.31	"191110.000,4724.9880,N,12231.6128,W"	0	0	0	11/8/2009 19:13	2010_365	347
NA	NA	47.416478	-122.52696	NA	NA	NA	40.177	12	NA	NA	0	0	0	97915215	0	-1	5.31	"191419.000,4724.9887,N,12231.6176,W"	0	0	0	11/8/2009 19:16	2010_365	348
NA	NA	47.416502	-122.526985	NA	NA	NA	20.6527	12.01	NA	NA	0	0	0	98095613	0	-1	5.31	"191727.000,4724.9901,N,12231.6191,W"	0	0	0	11/8/2009 19:19	2010_365	349
NA	NA	47.41647	-122.527112	NA	NA	NA	20.0986	12.02	NA	NA	0	0	0	98275261	0	-1	5.31	"192022.000,4724.9882,N,12231.6267,W"	0	0	0	11/8/2009 19:22	2010_365	350
NA	NA	47.416497	-122.526948	NA	NA	NA	20.9869	12.01	NA	NA	0	0	0	98455193	0	-1	5.31	"192310.000,4724.9898,N,12231.6169,W"	0	0	0	11/8/2009 19:25	2010_365	351
NA	NA	47.416488	-122.527127	NA	NA	NA	20.1873	12.02	NA	NA	0	0	0	98635347	0	-1	5.31	"192628.000,4724.9893,N,12231.6276,W"	0	0	0	11/8/2009 19:28	2010_365	352
NA	NA	47.41671	-122.52688	NA	NA	NA	20.1086	12.02	NA	NA	0	0	0	98815823	0	-1	5.31	"192910.000,4725.0026,N,12231.6128,W"	0	0	0	11/8/2009 19:31	2010_365	353
NA	NA	47.420763	-122.525667	NA	NA	NA	19.7367	12.04	NA	NA	0	0	0	98995449	0	-1	5.31	"193216.000,4725.2458,N,12231.5400,W"	0	0	0	11/8/2009 19:34	2010_365	354
NA	NA	47.42771	-122.523495	NA	NA	NA	46.0453	12.03	NA	NA	0	0	0	99175733	0	-1	5.31	"193520.000,4725.6626,N,12231.4097,W"	0	0	0	11/8/2009 19:37	2010_365	355
NA	NA	47.436135	-122.52036	NA	NA	NA	20.0544	12.02	NA	NA	0	0	0	99355844	0	-1	5.31	"193824.000,4726.1681,N,12231.2216,W"	0	0	0	11/8/2009 19:40	2010_365	356
NA	NA	47.444787	-122.517498	NA	NA	NA	19.5128	12.01	NA	NA	0	0	0	99536065	0	-1	5.31	"194125.000,4726.6872,N,12231.0499,W"	0	0	0	11/8/2009 19:43	2010_365	357
NA	NA	47.455205	-122.514442	NA	NA	NA	19.4531	12.05	NA	NA	0	0	0	99715917	0	-1	5.31	"194421.000,4727.3123,N,12230.8665,W"	0	0	0	11/8/2009 19:46	2010_365	358
NA	NA	47.466575	-122.510065	NA	NA	NA	19.3902	12.01	NA	NA	0	0	0	99895624	0	-1	5.31	"194725.000,4727.9945,N,12230.6039,W"	0	0	0	11/8/2009 19:49	2010_365	359
NA	NA	47.477245	-122.50435	NA	NA	NA	19.8448	12.06	NA	NA	0	0	0	100075989	0	-1	5.31	"195023.000,4728.6347,N,12230.2610,W"	0	0	0	11/8/2009 19:52	2010_365	360
NA	NA	47.487488	-122.497538	NA	NA	NA	19.1073	12.04	NA	NA	0	0	0	100255770	0	-1	5.31	"195324.000,4729.2493,N,12229.8523,W"	0	0	0	11/8/2009 19:55	2010_365	361
NA	NA	47.497618	-122.490552	NA	NA	NA	19.321	12.01	NA	NA	0	0	0	100435740	0	-1	5.31	"195625.000,4729.8571,N,12229.4331,W"	0	0	0	11/8/2009 19:58	2010_365	362
NA	NA	47.507758	-122.483967	NA	NA	NA	19.4286	12.06	NA	NA	0	0	0	100616088	0	-1	5.31	"195925.000,4730.4655,N,12229.0380,W"	0	0	0	11/8/2009 20:01	2010_365	363
NA	NA	47.517282	-122.47736	NA	NA	NA	18.839	12.01	NA	NA	0	0	0	100796129	0	-1	5.31	"200216.000,4731.0369,N,12228.6416,W"	0	0	0	11/8/2009 20:04	2010_365	364
NA	NA	47.527987	-122.470062	NA	NA	NA	19.4919	12.03	NA	NA	0	0	0	100976191	0	-1	5.31	"200525.000,4731.6792,N,12228.2037,W"	0	0	0	11/8/2009 20:07	2010_365	365
NA	NA	47.537398	-122.46377	NA	NA	NA	18.7268	12.05	NA	NA	0	0	0	101156492	0	-1	5.31	"200828.000,4732.2439,N,12227.8262,W"	0	0	0	11/8/2009 20:10	2010_365	366
NA	NA	47.546588	-122.457697	NA	NA	NA	18.9396	12.04	NA	NA	0	0	0	101336179	0	-1	5.31	"201115.000,4732.7953,N,12227.4618,W"	0	0	0	11/8/2009 20:13	2010_365	367
NA	NA	47.555638	-122.447575	NA	NA	NA	19.1428	12	NA	NA	0	0	0	101516512	0	-1	5.31	"201426.000,4733.3383,N,12226.8545,W"	0	0	0	11/8/2009 20:16	2010_365	368
NA	NA	47.56531	-122.440413	NA	NA	NA	18.9887	12.02	NA	NA	0	0	0	101696542	0	-1	5.31	"201728.000,4733.9186,N,12226.4248,W"	0	0	0	11/8/2009 20:19	2010_365	369
NA	NA	47.575675	-122.437283	NA	NA	NA	18.4679	12.03	NA	NA	0	0	0	101876428	0	-1	5.31	"202028.000,4734.5405,N,12226.2370,W"	0	0	0	11/8/2009 20:22	2010_365	370
NA	NA	47.585433	-122.438283	NA	NA	NA	18.4899	12.02	NA	NA	0	0	0	102056290	0	-1	5.31	"202313.000,4735.1260,N,12226.2970,W"	0	0	0	11/8/2009 20:25	2010_365	371
NA	NA	47.597183	-122.440133	NA	NA	NA	18.058	12.05	NA	NA	0	0	0	102236442	0	-1	5.31	"202626.000,4735.8310,N,12226.4080,W"	0	0	0	11/8/2009 20:28	2010_365	372
NA	NA	47.608338	-122.44187	NA	NA	NA	18.0944	12.01	NA	NA	0	0	0	102416532	0	-1	5.31	"202928.000,4736.5003,N,12226.5122,W"	0	0	0	11/8/2009 20:31	2010_365	373
NA	NA	47.618478	-122.442845	NA	NA	NA	17.7061	12.04	NA	NA	0	0	0	102596598	0	-1	5.31	"203217.000,4737.1087,N,12226.5707,W"	0	0	0	11/8/2009 20:34	2010_365	374
NA	NA	47.629893	-122.444603	NA	NA	NA	17.7225	11.98	NA	NA	0	0	0	102776637	0	-1	5.31	"203525.000,4737.7936,N,12226.6762,W"	0	0	0	11/8/2009 20:37	2010_365	375
NA	NA	47.64061	-122.44632	NA	NA	NA	18.2024	12.01	NA	NA	0	0	0	102956728	0	-1	5.31	"203825.000,4738.4366,N,12226.7792,W"	0	0	0	11/8/2009 20:40	2010_365	376
NA	NA	47.651017	-122.448053	NA	NA	NA	18.0313	12.06	NA	NA	0	0	0	103136817	0	-1	5.31	"204115.000,4739.0610,N,12226.8832,W"	0	0	0	11/8/2009 20:43	2010_365	377
NA	NA	47.662238	-122.4498	NA	NA	NA	17.9408	12.03	NA	NA	0	0	0	103316650	0	-1	5.31	"204415.000,4739.7343,N,12226.9880,W"	0	0	0	11/8/2009 20:46	2010_365	378
NA	NA	47.674172	-122.44814	NA	NA	NA	18.2665	12.03	NA	NA	0	0	0	103496717	0	-1	5.31	"204724.000,4740.4503,N,12226.8884,W"	0	0	0	11/8/2009 20:49	2010_365	379
NA	NA	47.685382	-122.445275	NA	NA	NA	20.2282	12.02	NA	NA	0	0	0	103677239	0	-1	5.31	"205024.000,4741.1229,N,12226.7165,W"	0	0	0	11/8/2009 20:52	2010_365	380
NA	NA	47.695517	-122.44251	NA	NA	NA	18.6865	12.04	NA	NA	0	0	0	103856975	0	-1	5.31	"205308.000,4741.7310,N,12226.5506,W"	0	0	0	11/8/2009 20:55	2010_365	381
NA	NA	47.706897	-122.439457	NA	NA	NA	18.7865	12	NA	NA	0	0	0	104036866	0	-1	5.31	"205612.000,4742.4138,N,12226.3674,W"	0	0	0	11/8/2009 20:58	2010_365	382
NA	NA	47.718648	-122.43587	NA	NA	NA	18.7334	12.02	NA	NA	0	0	0	104216927	0	-1	5.31	"205924.000,4743.1189,N,12226.1522,W"	0	0	0	11/8/2009 21:01	2010_365	383
NA	NA	47.7298	-122.432523	NA	NA	NA	18.4768	12.04	NA	NA	0	0	0	104396894	0	-1	5.31	"210225.000,4743.7880,N,12225.9514,W"	0	0	0	11/8/2009 21:04	2010_365	384
NA	NA	47.741257	-122.428898	NA	NA	NA	18.0515	12.07	NA	NA	0	0	0	104577250	0	-1	5.31	"210530.000,4744.4754,N,12225.7339,W"	0	0	0	11/8/2009 21:07	2010_365	385
NA	NA	47.75131	-122.425745	NA	NA	NA	17.7217	12.02	NA	NA	0	0	0	104757341	0	-1	5.31	"210811.000,4745.0786,N,12225.5447,W"	0	0	0	11/8/2009 21:10	2010_365	386
NA	NA	47.762925	-122.423162	NA	NA	NA	17.8764	12.03	NA	NA	0	0	0	104937169	0	-1	5.31	"211117.000,4745.7755,N,12225.3897,W"	0	0	0	11/8/2009 21:13	2010_365	387
NA	NA	47.775015	-122.422335	NA	NA	NA	17.8762	12.03	NA	NA	0	0	0	105117425	0	-1	5.31	"211426.000,4746.5009,N,12225.3401,W"	0	0	0	11/8/2009 21:16	2010_365	388
NA	NA	47.78641	-122.421498	NA	NA	NA	17.7502	12.04	NA	NA	0	0	0	105297226	0	-1	5.31	"211728.000,4747.1846,N,12225.2899,W"	0	0	0	11/8/2009 21:19	2010_365	389
NA	NA	47.797247	-122.418488	NA	NA	NA	17.5801	12.02	NA	NA	0	0	0	105477359	0	-1	5.31	"212024.000,4747.8348,N,12225.1093,W"	0	0	0	11/8/2009 21:22	2010_365	390
NA	NA	47.807765	-122.41479	NA	NA	NA	17.7667	12.03	NA	NA	0	0	0	105657509	0	-1	5.31	"212315.000,4748.4659,N,12224.8874,W"	0	0	0	11/8/2009 21:25	2010_365	391
NA	NA	47.819033	-122.408375	NA	NA	NA	17.6591	12.03	NA	NA	0	0	0	105837587	0	-1	5.31	"212625.000,4749.1420,N,12224.5025,W"	0	0	0	11/8/2009 21:28	2010_365	392
NA	NA	47.829895	-122.401717	NA	NA	NA	17.556	12.05	NA	NA	0	0	0	106017883	0	-1	5.31	"212929.000,4749.7937,N,12224.1030,W"	0	0	0	11/8/2009 21:31	2010_365	393
NA	NA	47.839375	-122.395413	NA	NA	NA	17.437	12.02	NA	NA	0	0	0	106197876	0	-1	5.31	"213213.000,4750.3625,N,12223.7248,W"	0	0	0	11/8/2009 21:34	2010_365	394
NA	NA	47.850192	-122.388013	NA	NA	NA	17.6914	12.03	NA	NA	0	0	0	106377869	0	-1	5.31	"213526.000,4751.0115,N,12223.2808,W"	0	0	0	11/8/2009 21:37	2010_365	395
NA	NA	47.85896	-122.38256	NA	NA	NA	17.4588	12.06	NA	NA	0	0	0	106557726	0	-1	5.31	"213805.000,4751.5376,N,12222.9536,W"	0	0	0	11/8/2009 21:40	2010_365	396
NA	NA	47.868597	-122.376617	NA	NA	NA	17.4857	12.02	NA	NA	0	0	0	106738275	0	-1	5.31	"214115.000,4752.1158,N,12222.5970,W"	0	0	0	11/8/2009 21:43	2010_365	397
NA	NA	47.877868	-122.370815	NA	NA	NA	17.8687	12.05	NA	NA	0	0	0	106918246	0	-1	5.31	"214422.000,4752.6721,N,12222.2489,W"	0	0	0	11/8/2009 21:46	2010_365	398
NA	NA	47.88318	-122.36753	NA	NA	NA	19.0465	12.01	NA	NA	0	0	0	107098112	0	-1	5.31	"214727.000,4752.9908,N,12222.0518,W"	0	0	0	11/8/2009 21:49	2010_365	399
NA	NA	47.882722	-122.367357	NA	NA	NA	21.8253	12.04	NA	NA	0	0	0	107277830	0	-1	5.31	"215017.000,4752.9633,N,12222.0414,W"	0	0	0	11/8/2009 21:52	2010_365	400
NA	NA	47.882783	-122.368815	NA	NA	NA	22.0428	12.02	NA	NA	0	0	0	107458587	0	-1	5.31	"215325.000,4752.9670,N,12222.1289,W"	0	0	0	11/8/2009 21:55	2010_365	401
NA	NA	47.883375	-122.367777	NA	NA	NA	23.4333	12.01	NA	NA	0	0	0	107637827	0	-1	5.31	"215629.000,4753.0025,N,12222.0666,W"	0	0	0	11/8/2009 21:58	2010_365	402
NA	NA	47.883495	-122.367855	NA	NA	NA	23.4153	12.02	NA	NA	0	0	0	107818348	0	-1	5.31	"215911.000,4753.0097,N,12222.0713,W"	0	0	0	11/8/2009 22:01	2010_365	403
NA	NA	47.883783	-122.367633	NA	NA	NA	24.0579	12.03	NA	NA	0	0	0	107998315	0	-1	5.31	"220218.000,4753.0270,N,12222.0580,W"	0	0	0	11/8/2009 22:04	2010_365	404
NA	NA	47.88377	-122.367592	NA	NA	NA	23.8687	12.02	NA	NA	0	0	0	108178070	0	-1	5.31	"220522.000,4753.0262,N,12222.0555,W"	0	0	0	11/8/2009 22:07	2010_365	405
NA	NA	47.883758	-122.367982	NA	NA	NA	23.3206	12.03	NA	NA	0	0	0	108358834	0	-1	5.31	"220808.000,4753.0255,N,12222.0789,W"	0	0	0	11/8/2009 22:10	2010_365	406
NA	NA	47.883743	-122.367927	NA	NA	NA	23.8808	11.97	NA	NA	0	0	0	108538390	0	-1	5.31	"221129.000,4753.0246,N,12222.0756,W"	0	0	0	11/8/2009 22:13	2010_365	407
NA	NA	47.88378	-122.367843	NA	NA	NA	24.7363	12.04	NA	NA	0	0	0	108718582	0	-1	5.31	"221415.000,4753.0268,N,12222.0706,W"	0	0	0	11/8/2009 22:16	2010_365	408
NA	NA	47.88374	-122.367873	NA	NA	NA	25.2193	12.03	NA	NA	0	0	0	108898734	0	-1	5.31	"221727.000,4753.0244,N,12222.0724,W"	0	0	0	11/8/2009 22:19	2010_365	409
NA	NA	47.883758	-122.368	NA	NA	NA	25.3244	12	NA	NA	0	0	0	109078845	0	-1	5.31	"222018.000,4753.0255,N,12222.0800,W"	0	0	0	11/8/2009 22:22	2010_365	410
NA	NA	47.88365	-122.368088	NA	NA	NA	24.9589	12.02	NA	NA	0	0	0	109259484	0	-1	5.31	"222322.000,4753.0190,N,12222.0853,W"	0	0	0	11/8/2009 22:25	2010_365	411
NA	NA	47.883688	-122.368097	NA	NA	NA	24.5304	12.07	NA	NA	0	0	0	109439397	0	-1	5.31	"222610.000,4753.0213,N,12222.0858,W"	0	0	0	11/8/2009 22:28	2010_365	412
NA	NA	47.883653	-122.36816	NA	NA	NA	26.0699	12.07	NA	NA	0	0	0	109619271	0	-1	5.31	"222923.000,4753.0192,N,12222.0896,W"	0	0	0	11/8/2009 22:31	2010_365	413
NA	NA	47.883712	-122.36813	NA	NA	NA	25.3103	11.99	NA	NA	0	0	0	109799299	0	-1	5.31	"223230.000,4753.0227,N,12222.0878,W"	0	0	0	11/8/2009 22:34	2010_365	414
NA	NA	47.883627	-122.368105	NA	NA	NA	25.6543	12.01	NA	NA	0	0	0	109979188	0	-1	5.31	"223518.000,4753.0176,N,12222.0863,W"	0	0	0	11/8/2009 22:37	2010_365	415
NA	NA	47.883673	-122.368148	NA	NA	NA	25.6484	12.02	NA	NA	0	0	0	110158845	0	-1	5.31	"223827.000,4753.0204,N,12222.0889,W"	0	0	0	11/8/2009 22:40	2010_365	416
NA	NA	47.883613	-122.368158	NA	NA	NA	25.9447	12.01	NA	NA	0	0	0	110339234	0	-1	5.31	"224110.000,4753.0168,N,12222.0895,W"	0	0	0	11/8/2009 22:43	2010_365	417
NA	NA	47.883648	-122.36817	NA	NA	NA	24.6258	12.03	NA	NA	0	0	0	110518696	0	-1	5.31	"224415.000,4753.0189,N,12222.0902,W"	0	0	0	11/8/2009 22:46	2010_365	418
NA	NA	47.883623	-122.368185	NA	NA	NA	25.4334	12	NA	NA	0	0	0	110699403	0	-1	5.31	"224723.000,4753.0174,N,12222.0911,W"	0	0	0	11/8/2009 22:49	2010_365	419
NA	NA	47.883657	-122.368138	NA	NA	NA	23.961	12.03	NA	NA	0	0	0	110878495	0	-1	5.31	"225019.000,4753.0194,N,12222.0883,W"	0	0	0	11/8/2009 22:52	2010_365	420
NA	NA	47.883607	-122.368223	NA	NA	NA	24.9683	12.04	NA	NA	0	0	0	111059514	0	-1	5.31	"225316.000,4753.0164,N,12222.0934,W"	0	0	0	11/8/2009 22:55	2010_365	421
NA	NA	47.883595	-122.368257	NA	NA	NA	23.8287	12.09	NA	NA	0	0	0	111238837	0	-1	5.31	"225629.000,4753.0157,N,12222.0954,W"	0	0	0	11/8/2009 22:58	2010_365	422
NA	NA	47.88385	-122.367837	NA	NA	NA	24.7495	12.05	NA	NA	0	0	0	111419312	0	-1	5.31	"225927.000,4753.0310,N,12222.0702,W"	0	0	0	11/8/2009 23:01	2010_365	423
NA	NA	47.883232	-122.36792	NA	NA	NA	24.9123	12.05	NA	NA	0	0	0	111599275	0	-1	5.31	"230218.000,4752.9939,N,12222.0752,W"	0	0	0	11/8/2009 23:04	2010_365	424
NA	NA	47.881037	-122.37106	NA	NA	NA	24.859	11.99	NA	NA	0	0	0	111779305	0	-1	5.31	"230520.000,4752.8622,N,12222.2636,W"	0	0	0	11/8/2009 23:07	2010_365	425
NA	NA	47.8801	-122.391278	NA	NA	NA	26.9479	11.57	NA	NA	5.1177	0.645	0.426	112070923	0	-1	5.31	"231022.000,4752.8060,N,12223.4767,W"	0	0	0	11/8/2009 23:12	2010_365	426
NA	NA	47.880047	-122.40654	NA	NA	NA	20.7346	12	NA	NA	0	0	0	112250981	0	-1	5.31	"231307.000,4752.8028,N,12224.3924,W"	0	0	0	11/8/2009 23:15	2010_365	426
NA	NA	47.88313	-122.423055	NA	NA	NA	19.1739	12.05	NA	NA	0	0	0	112431416	0	-1	5.31	"231614.000,4752.9878,N,12225.3833,W"	0	0	0	11/8/2009 23:18	2010_365	427
NA	NA	47.886552	-122.439383	NA	NA	NA	18.4667	12.02	NA	NA	0	0	0	112611301	0	-1	5.31	"231918.000,4753.1931,N,12226.3630,W"	0	0	0	11/8/2009 23:21	2010_365	428
NA	NA	47.893103	-122.45212	NA	NA	NA	20.0408	12.02	NA	NA	0	0	0	112791423	0	-1	5.31	"232212.000,4753.5862,N,12227.1272,W"	0	0	0	11/8/2009 23:24	2010_365	429
NA	NA	47.90214	-122.463672	NA	NA	NA	19.3263	12.04	NA	NA	0	0	0	112971555	0	-1	5.31	"232516.000,4754.1284,N,12227.8203,W"	0	0	0	11/8/2009 23:27	2010_365	430
NA	NA	47.911937	-122.47376	NA	NA	NA	19.0281	12.06	NA	NA	0	0	0	113151347	0	-1	5.31	"232818.000,4754.7162,N,12228.4256,W"	0	0	0	11/8/2009 23:30	2010_365	431
NA	NA	47.922347	-122.482485	NA	NA	NA	18.7371	12.05	NA	NA	0	0	0	113331510	0	-1	5.31	"233123.000,4755.3408,N,12228.9491,W"	0	0	0	11/8/2009 23:33	2010_365	432
NA	NA	47.931032	-122.493837	NA	NA	NA	18.3653	12.04	NA	NA	0	0	0	113511536	0	-1	5.31	"233420.000,4755.8619,N,12229.6302,W"	0	0	0	11/8/2009 23:36	2010_365	433
NA	NA	47.9375	-122.508333	NA	NA	NA	18.6823	12.03	NA	NA	0	0	0	113691810	0	-1	5.31	"233724.000,4756.2500,N,12230.5000,W"	0	0	0	11/8/2009 23:39	2010_365	434
NA	NA	47.943153	-122.520077	NA	NA	NA	18.957	12.05	NA	NA	0	0	0	113871467	0	-1	5.31	"234010.000,4756.5892,N,12231.2046,W"	0	0	0	11/8/2009 23:42	2010_365	435
NA	NA	47.949835	-122.534312	NA	NA	NA	18.9839	12.03	NA	NA	0	0	0	114051922	0	-1	5.31	"234321.000,4756.9901,N,12232.0587,W"	0	0	0	11/8/2009 23:45	2010_365	436
NA	NA	47.95557	-122.546923	NA	NA	NA	18.9437	12.03	NA	NA	0	0	0	114232111	0	-1	5.31	"234610.000,4757.3342,N,12232.8154,W"	0	0	0	11/8/2009 23:48	2010_365	437
NA	NA	47.961897	-122.560912	NA	NA	NA	18.9631	12.03	NA	NA	0	0	0	114411985	0	-1	5.31	"234916.000,4757.7138,N,12233.6547,W"	0	0	0	11/8/2009 23:51	2010_365	438
NA	NA	47.968528	-122.575233	NA	NA	NA	19.2544	12.05	NA	NA	0	0	0	114592248	0	-1	5.31	"235223.000,4758.1117,N,12234.5140,W"	0	0	0	11/8/2009 23:54	2010_365	439
NA	NA	47.976842	-122.584205	NA	NA	NA	20.1568	12.04	NA	NA	0	0	0	114772169	0	-1	5.31	"235508.000,4758.6105,N,12235.0523,W"	0	0	0	11/8/2009 23:57	2010_365	440
NA	NA	48.014912	-122.614098	NA	NA	NA	20.4864	12.05	NA	NA	10.6078	3.674	3.5028	115448948	0	-1	5.31	"000630.000,4800.8947,N,12236.8459,W"	0	0	0	11/9/2009 0:08	2011_001	1
NA	NA	48.024245	-122.620648	NA	NA	NA	20.5382	12.03	NA	NA	0	0	0	115629318	0	-1	5.31	"000920.000,4801.4547,N,12237.2389,W"	0	0	0	11/9/2009 0:11	2011_001	2
NA	NA	48.035543	-122.623902	NA	NA	NA	20.3691	12.06	NA	NA	0	0	0	115809146	0	-1	5.31	"001232.000,4802.1326,N,12237.4341,W"	0	0	0	11/9/2009 0:14	2011_001	3
NA	NA	48.046263	-122.626698	NA	NA	NA	20.3822	12.04	NA	NA	0	0	0	115989367	0	-1	5.31	"001528.000,4802.7758,N,12237.6019,W"	0	0	0	11/9/2009 0:17	2011_001	4
NA	NA	48.057687	-122.629483	NA	NA	NA	19.7793	12.06	NA	NA	0	0	0	116169298	0	-1	5.31	"001833.000,4803.4612,N,12237.7690,W"	0	0	0	11/9/2009 0:20	2011_001	5
NA	NA	48.069217	-122.632478	NA	NA	NA	19.6505	12.05	NA	NA	0	0	0	116349435	0	-1	5.31	"002137.000,4804.1530,N,12237.9487,W"	0	0	0	11/9/2009 0:23	2011_001	6
NA	NA	48.079975	-122.635005	NA	NA	NA	19.6935	12.04	NA	NA	0	0	0	116529662	0	-1	5.31	"002426.000,4804.7985,N,12238.1003,W"	0	0	0	11/9/2009 0:26	2011_001	7
NA	NA	48.091617	-122.637878	NA	NA	NA	19.4961	12.03	NA	NA	0	0	0	116709422	0	-1	5.31	"002729.000,4805.4970,N,12238.2727,W"	0	0	0	11/9/2009 0:29	2011_001	8
NA	NA	48.103483	-122.640512	NA	NA	NA	19.8386	12.04	NA	NA	0	0	0	116889753	0	-1	5.31	"003037.000,4806.2090,N,12238.4307,W"	0	0	0	11/9/2009 0:32	2011_001	9
NA	NA	48.105	-122.65	NA	NA	NA	19.9072	12.01	NA	NA	0	0	0	117069637	0	-1	5.31	"003342.000,4806.3000,N,12239.0000,W"	0	0	0	11/9/2009 0:35	2011_001	10
NA	NA	48.123655	-122.654958	NA	NA	NA	19.7596	12.02	NA	NA	0	0	0	117249671	0	-1	5.31	"003642.000,4807.4193,N,12239.2975,W"	0	0	0	11/9/2009 0:38	2011_001	11
NA	NA	48.131117	-122.666693	NA	NA	NA	19.9147	12.04	NA	NA	0	0	0	117430071	0	-1	5.31	"003937.000,4807.8670,N,12240.0016,W"	0	0	0	11/9/2009 0:41	2011_001	12
NA	NA	48.137223	-122.67756	NA	NA	NA	20.2315	12.05	NA	NA	0	0	0	117609829	0	-1	5.31	"004218.000,4808.2334,N,12240.6536,W"	0	0	0	11/9/2009 0:44	2011_001	13
NA	NA	48.143732	-122.690838	NA	NA	NA	20.5924	12.06	NA	NA	0	0	0	117790187	0	-1	5.31	"004529.000,4808.6239,N,12241.4503,W"	0	0	0	11/9/2009 0:47	2011_001	14
NA	NA	48.150155	-122.703195	NA	NA	NA	22.0215	12.03	NA	NA	0	0	0	117969876	0	-1	5.31	"004835.000,4809.0093,N,12242.1917,W"	0	0	0	11/9/2009 0:50	2011_001	15
NA	NA	48.157383	-122.71524	NA	NA	NA	21.5952	12.07	NA	NA	0	0	0	118150118	0	-1	5.31	"005142.000,4809.4430,N,12242.9144,W"	0	0	0	11/9/2009 0:53	2011_001	16
NA	NA	48.163613	-122.72631	NA	NA	NA	21.5319	12.07	NA	NA	0	0	0	118330391	0	-1	5.31	"005427.000,4809.8168,N,12243.5786,W"	0	0	0	11/9/2009 0:56	2011_001	17
NA	NA	48.170692	-122.73822	NA	NA	NA	21.753	12	NA	NA	0	0	0	118510263	0	-1	5.31	"005730.000,4810.2415,N,12244.2932,W"	0	0	0	11/9/2009 0:59	2011_001	18
NA	NA	48.177718	-122.750583	NA	NA	NA	23.989	12.04	NA	NA	0	0	0	118690233	0	-1	5.31	"010034.000,4810.6631,N,12245.0350,W"	0	0	0	11/9/2009 1:02	2011_001	19
NA	NA	48.184548	-122.763072	NA	NA	NA	22.8512	12.04	NA	NA	0	0	0	118870165	0	-1	5.31	"010335.000,4811.0729,N,12245.7843,W"	0	0	0	11/9/2009 1:05	2011_001	20
NA	NA	48.191358	-122.775623	NA	NA	NA	22.47	12.08	NA	NA	0	0	0	119050514	0	-1	5.31	"010638.000,4811.4815,N,12246.5374,W"	0	0	0	11/9/2009 1:08	2011_001	21
NA	NA	48.198725	-122.785185	NA	NA	NA	22.851	12.06	NA	NA	0	0	0	119230243	0	-1	5.31	"010922.000,4811.9235,N,12247.1111,W"	0	0	0	11/9/2009 1:11	2011_001	22
NA	NA	48.208267	-122.793205	NA	NA	NA	21.6653	12	NA	NA	0	0	0	119410199	0	-1	5.31	"011226.000,4812.4960,N,12247.5923,W"	0	0	0	11/9/2009 1:14	2011_001	23
NA	NA	48.217502	-122.801343	NA	NA	NA	22.6	12.03	NA	NA	0	0	0	119590330	0	-1	5.31	"011535.000,4813.0501,N,12248.0806,W"	0	0	0	11/9/2009 1:17	2011_001	24
NA	NA	48.226615	-122.807358	NA	NA	NA	21.309	12.04	NA	NA	0	0	0	119770635	0	-1	5.31	"011835.000,4813.5969,N,12248.4415,W"	0	0	0	11/9/2009 1:20	2011_001	25
NA	NA	48.235695	-122.804532	NA	NA	NA	20.0446	12.01	NA	NA	0	0	0	119950621	0	-1	5.31	"012138.000,4814.1417,N,12248.2719,W"	0	0	0	11/9/2009 1:23	2011_001	26
NA	NA	48.243927	-122.799203	NA	NA	NA	20.3533	12.04	NA	NA	0	0	0	120130484	0	-1	5.31	"012425.000,4814.6356,N,12247.9522,W"	0	0	0	11/9/2009 1:26	2011_001	27
NA	NA	48.25362	-122.793625	NA	NA	NA	20.8298	12.03	NA	NA	0	0	0	120310720	0	-1	5.31	"012733.000,4815.2172,N,12247.6175,W"	0	0	0	11/9/2009 1:29	2011_001	28
NA	NA	48.26328	-122.788645	NA	NA	NA	25.7341	12.05	NA	NA	0	0	0	120490817	0	-1	5.31	"013035.000,4815.7968,N,12247.3187,W"	0	0	0	11/9/2009 1:32	2011_001	29
NA	NA	48.2733	-122.785535	NA	NA	NA	26.5715	12.07	NA	NA	0	0	0	120670735	0	-1	5.31	"013338.000,4816.3980,N,12247.1321,W"	0	0	0	11/9/2009 1:35	2011_001	30
NA	NA	48.283333	-122.779998	NA	NA	NA	22.7593	12.04	NA	NA	0	0	0	120850872	0	-1	5.31	"013639.000,4817.0000,N,12246.7999,W"	0	0	0	11/9/2009 1:38	2011_001	31
NA	NA	48.291447	-122.773912	NA	NA	NA	21.7944	12.05	NA	NA	0	0	0	121030795	0	-1	5.31	"013935.000,4817.4868,N,12246.4347,W"	0	0	0	11/9/2009 1:41	2011_001	32
NA	NA	48.300933	-122.769267	NA	NA	NA	20.8318	12.07	NA	NA	0	0	0	121211222	0	-1	5.31	"014235.000,4818.0560,N,12246.1560,W"	0	0	0	11/9/2009 1:44	2011_001	33
NA	NA	48.310573	-122.764822	NA	NA	NA	21.2474	12.04	NA	NA	0	0	0	121390920	0	-1	5.31	"014535.000,4818.6344,N,12245.8893,W"	0	0	0	11/9/2009 1:47	2011_001	34
NA	NA	48.319552	-122.760008	NA	NA	NA	21.5094	12.03	NA	NA	0	0	0	121571209	0	-1	5.31	"014824.000,4819.1731,N,12245.6005,W"	0	0	0	11/9/2009 1:50	2011_001	35
NA	NA	48.329465	-122.75453	NA	NA	NA	21.3521	12.06	NA	NA	0	0	0	121751249	0	-1	5.31	"015131.000,4819.7679,N,12245.2718,W"	0	0	0	11/9/2009 1:53	2011_001	36
NA	NA	48.33924	-122.749743	NA	NA	NA	21.4839	12.01	NA	NA	0	0	0	121931265	0	-1	5.31	"015432.000,4820.3544,N,12244.9846,W"	0	0	0	11/9/2009 1:56	2011_001	37
NA	NA	48.3482	-122.742542	NA	NA	NA	22.8718	12.04	NA	NA	0	0	0	122111372	0	-1	5.31	"015734.000,4820.8920,N,12244.5525,W"	0	0	0	11/9/2009 1:59	2011_001	38
NA	NA	48.356652	-122.734568	NA	NA	NA	22.7681	12.06	NA	NA	0	0	0	122291582	0	-1	5.31	"020030.000,4821.3991,N,12244.0741,W"	0	0	0	11/9/2009 2:02	2011_001	39
NA	NA	48.366223	-122.72621	NA	NA	NA	23.6952	12.01	NA	NA	0	0	0	122471278	0	-1	5.31	"020343.000,4821.9734,N,12243.5726,W"	0	0	0	11/9/2009 2:05	2011_001	40
NA	NA	48.372567	-122.71914	NA	NA	NA	24.6963	12.07	NA	NA	0	0	0	122651355	0	-1	5.31	"020643.000,4822.3540,N,12243.1484,W"	0	0	0	11/9/2009 2:08	2011_001	41
NA	NA	48.37476	-122.716248	NA	NA	NA	26.3443	12.03	NA	NA	0	0	0	122831517	0	-1	5.31	"020925.000,4822.4856,N,12242.9749,W"	0	0	0	11/9/2009 2:11	2011_001	42
NA	NA	48.375133	-122.716515	NA	NA	NA	27.565	12.04	NA	NA	0	0	0	123011336	0	-1	5.31	"021234.000,4822.5080,N,12242.9909,W"	0	0	0	11/9/2009 2:14	2011_001	43
NA	NA	48.375043	-122.716435	NA	NA	NA	27.4896	12.02	NA	NA	0	0	0	123192086	0	-1	5.31	"021539.000,4822.5026,N,12242.9861,W"	0	0	0	11/9/2009 2:17	2011_001	44
NA	NA	48.375075	-122.716485	NA	NA	NA	27.5411	12	NA	NA	0	0	0	123371794	0	-1	5.31	"021836.000,4822.5045,N,12242.9891,W"	0	0	0	11/9/2009 2:20	2011_001	45
NA	NA	48.375035	-122.716463	NA	NA	NA	27.1939	12.02	NA	NA	0	0	0	123551492	0	-1	5.31	"022136.000,4822.5021,N,12242.9878,W"	0	0	0	11/9/2009 2:23	2011_001	46
NA	NA	48.37502	-122.716438	NA	NA	NA	27.0232	12.01	NA	NA	0	0	0	123731890	0	-1	5.31	"022436.000,4822.5012,N,12242.9863,W"	0	0	0	11/9/2009 2:26	2011_001	47
NA	NA	48.37501	-122.716493	NA	NA	NA	28.5528	12.03	NA	NA	0	0	0	123912151	0	-1	5.31	"022732.000,4822.5006,N,12242.9896,W"	0	0	0	11/9/2009 2:29	2011_001	48
NA	NA	48.375067	-122.716503	NA	NA	NA	26.6253	12.03	NA	NA	0	0	0	124091703	0	-1	5.31	"023032.000,4822.5040,N,12242.9902,W"	0	0	0	11/9/2009 2:32	2011_001	49
NA	NA	48.375077	-122.716457	NA	NA	NA	26.3335	12.01	NA	NA	0	0	0	124272125	0	-1	5.31	"023330.000,4822.5046,N,12242.9874,W"	0	0	0	11/9/2009 2:35	2011_001	50
NA	NA	48.375037	-122.716508	NA	NA	NA	26.0947	12.03	NA	NA	0	0	0	124451398	0	-1	5.31	"023630.000,4822.5022,N,12242.9905,W"	0	0	0	11/9/2009 2:38	2011_001	51
NA	NA	48.375053	-122.716492	NA	NA	NA	26.5809	12.05	NA	NA	0	0	0	124632132	0	-1	5.31	"023935.000,4822.5032,N,12242.9895,W"	0	0	0	11/9/2009 2:41	2011_001	52
NA	NA	48.375028	-122.716497	NA	NA	NA	26.2768	12.03	NA	NA	0	0	0	124811515	0	-1	5.31	"024223.000,4822.5017,N,12242.9898,W"	0	0	0	11/9/2009 2:44	2011_001	53
NA	NA	48.374975	-122.71654	NA	NA	NA	26.1528	12.06	NA	NA	0	0	0	124992055	0	-1	5.31	"024530.000,4822.4985,N,12242.9924,W"	0	0	0	11/9/2009 2:47	2011_001	54
NA	NA	48.375078	-122.716445	NA	NA	NA	25.8293	12.03	NA	NA	0	0	0	125172319	0	-1	5.31	"024841.000,4822.5047,N,12242.9867,W"	0	0	0	11/9/2009 2:50	2011_001	55
NA	NA	48.375082	-122.716393	NA	NA	NA	24.7123	12.03	NA	NA	0	0	0	125351536	0	-1	5.31	"025143.000,4822.5049,N,12242.9836,W"	0	0	0	11/9/2009 2:53	2011_001	56
NA	NA	48.375057	-122.716438	NA	NA	NA	24.9303	12.04	NA	NA	0	0	0	125531900	0	-1	5.31	"025435.000,4822.5034,N,12242.9863,W"	0	0	0	11/9/2009 2:56	2011_001	57
NA	NA	48.37524	-122.716165	NA	NA	NA	24.6036	12.01	NA	NA	0	0	0	125712161	0	-1	5.31	"025736.000,4822.5144,N,12242.9699,W"	0	0	0	11/9/2009 2:59	2011_001	58
NA	NA	48.37509	-122.716382	NA	NA	NA	24.8456	12.03	NA	NA	0	0	0	125892344	0	-1	5.31	"030040.000,4822.5054,N,12242.9829,W"	0	0	0	11/9/2009 3:02	2011_001	59
NA	NA	48.375045	-122.716428	NA	NA	NA	24.9118	12	NA	NA	0	0	0	126071819	0	-1	5.31	"030324.000,4822.5027,N,12242.9857,W"	0	0	0	11/9/2009 3:05	2011_001	60
NA	NA	48.375068	-122.716452	NA	NA	NA	24.9803	12.04	NA	NA	0	0	0	126252109	0	-1	5.31	"030632.000,4822.5041,N,12242.9871,W"	0	0	0	11/9/2009 3:08	2011_001	61
NA	NA	48.375005	-122.716502	NA	NA	NA	25.2389	11.98	NA	NA	0	0	0	126432565	0	-1	5.31	"030932.000,4822.5003,N,12242.9901,W"	0	0	0	11/9/2009 3:11	2011_001	62
NA	NA	48.375218	-122.716262	NA	NA	NA	25.0513	12.02	NA	NA	0	0	0	126612438	0	-1	5.31	"031239.000,4822.5131,N,12242.9757,W"	0	0	0	11/9/2009 3:14	2011_001	63
NA	NA	48.375082	-122.716393	NA	NA	NA	24.7493	12.05	NA	NA	0	0	0	126792223	0	-1	5.31	"031544.000,4822.5049,N,12242.9836,W"	0	0	0	11/9/2009 3:17	2011_001	64
NA	NA	48.375088	-122.716392	NA	NA	NA	24.5312	12.01	NA	NA	0	0	0	126972428	0	-1	5.31	"031827.000,4822.5053,N,12242.9835,W"	0	0	0	11/9/2009 3:20	2011_001	65
NA	NA	48.37506	-122.716395	NA	NA	NA	24.5295	12	NA	NA	0	0	0	127151879	0	-1	5.31	"032143.000,4822.5036,N,12242.9837,W"	0	0	0	11/9/2009 3:23	2011_001	66
NA	NA	48.375105	-122.716422	NA	NA	NA	24.4073	11.99	NA	NA	0	0	0	127332314	0	-1	5.31	"032427.000,4822.5063,N,12242.9853,W"	0	0	0	11/9/2009 3:26	2011_001	67
NA	NA	48.374925	-122.716547	NA	NA	NA	24.1284	12.04	NA	NA	0	0	0	127512582	0	-1	5.31	"032724.000,4822.4955,N,12242.9928,W"	0	0	0	11/9/2009 3:29	2011_001	68
NA	NA	48.374907	-122.716585	NA	NA	NA	24.1226	12.02	NA	NA	0	0	0	127692563	0	-1	5.31	"033028.000,4822.4944,N,12242.9951,W"	0	0	0	11/9/2009 3:32	2011_001	69
NA	NA	48.372517	-122.718837	NA	NA	NA	24.0158	12.05	NA	NA	0	0	0	127872632	0	-1	5.31	"033334.000,4822.3510,N,12243.1302,W"	0	0	0	11/9/2009 3:35	2011_001	70
NA	NA	48.369585	-122.726883	NA	NA	NA	24.5692	12.03	NA	NA	0	0	0	128052540	0	-1	5.31	"033634.000,4822.1751,N,12243.6130,W"	0	0	0	11/9/2009 3:38	2011_001	71
NA	NA	48.365952	-122.737983	NA	NA	NA	25.2171	12.01	NA	NA	0	0	0	128232913	0	-1	5.31	"033935.000,4821.9571,N,12244.2790,W"	0	0	0	11/9/2009 3:41	2011_001	72
NA	NA	48.362642	-122.748503	NA	NA	NA	24.5769	12	NA	NA	0	0	0	128412113	0	-1	5.31	"034223.000,4821.7585,N,12244.9102,W"	0	0	0	11/9/2009 3:44	2011_001	73
NA	NA	48.35896	-122.759977	NA	NA	NA	23.6147	12.06	NA	NA	0	0	0	128592739	0	-1	5.31	"034528.000,4821.5376,N,12245.5986,W"	0	0	0	11/9/2009 3:47	2011_001	74
NA	NA	48.353412	-122.767963	NA	NA	NA	23.0014	12.04	NA	NA	0	0	0	128772193	0	-1	5.31	"034832.000,4821.2047,N,12246.0778,W"	0	0	0	11/9/2009 3:50	2011_001	75
NA	NA	48.346152	-122.772583	NA	NA	NA	22.9135	12.01	NA	NA	0	0	0	128952470	0	-1	5.31	"035140.000,4820.7691,N,12246.3550,W"	0	0	0	11/9/2009 3:53	2011_001	76
NA	NA	48.338978	-122.777097	NA	NA	NA	22.0689	12.01	NA	NA	0	0	0	129132221	0	-1	5.31	"035443.000,4820.3387,N,12246.6258,W"	0	0	0	11/9/2009 3:56	2011_001	77
NA	NA	48.332273	-122.780298	NA	NA	NA	21.9781	12.02	NA	NA	0	0	0	129312711	0	-1	5.31	"035729.000,4819.9364,N,12246.8179,W"	0	0	0	11/9/2009 3:59	2011_001	78
NA	NA	48.324697	-122.783362	NA	NA	NA	21.096	12.04	NA	NA	0	0	0	129492551	0	-1	5.31	"040033.000,4819.4818,N,12247.0017,W"	0	0	0	11/9/2009 4:02	2011_001	79
NA	NA	48.317502	-122.785788	NA	NA	NA	20.7253	12.02	NA	NA	0	0	0	129672640	0	-1	5.31	"040324.000,4819.0501,N,12247.1473,W"	0	0	0	11/9/2009 4:05	2011_001	80
NA	NA	48.309637	-122.788313	NA	NA	NA	20.8305	12.01	NA	NA	0	0	0	129853132	0	-1	5.31	"040628.000,4818.5782,N,12247.2988,W"	0	0	0	11/9/2009 4:08	2011_001	81
NA	NA	48.301927	-122.79054	NA	NA	NA	20.5169	12.03	NA	NA	0	0	0	130032929	0	-1	5.31	"040928.000,4818.1156,N,12247.4324,W"	0	0	0	11/9/2009 4:11	2011_001	82
NA	NA	48.293858	-122.792773	NA	NA	NA	22.0057	12.03	NA	NA	0	0	0	130212964	0	-1	5.31	"041233.000,4817.6315,N,12247.5664,W"	0	0	0	11/9/2009 4:14	2011_001	83
NA	NA	48.285987	-122.795318	NA	NA	NA	20.8268	12	NA	NA	0	0	0	130393105	0	-1	5.31	"041530.000,4817.1592,N,12247.7191,W"	0	0	0	11/9/2009 4:17	2011_001	84
NA	NA	48.277915	-122.798055	NA	NA	NA	20.4958	12.02	NA	NA	0	0	0	130573076	0	-1	5.31	"041835.000,4816.6749,N,12247.8833,W"	0	0	0	11/9/2009 4:20	2011_001	85
NA	NA	48.270035	-122.801048	NA	NA	NA	20.4505	12.04	NA	NA	0	0	0	130753447	0	-1	5.31	"042140.000,4816.2021,N,12248.0629,W"	0	0	0	11/9/2009 4:23	2011_001	86
NA	NA	48.263242	-122.803653	NA	NA	NA	20.6198	12.02	NA	NA	0	0	0	130933131	0	-1	5.31	"042421.000,4815.7945,N,12248.2192,W"	0	0	0	11/9/2009 4:26	2011_001	87
NA	NA	48.255177	-122.807083	NA	NA	NA	20.7972	12.06	NA	NA	0	0	0	131113438	0	-1	5.31	"042732.000,4815.3106,N,12248.4250,W"	0	0	0	11/9/2009 4:29	2011_001	88
NA	NA	48.247313	-122.81009	NA	NA	NA	20.5985	12.02	NA	NA	0	0	0	131293054	0	-1	5.31	"043037.000,4814.8388,N,12248.6054,W"	0	0	0	11/9/2009 4:32	2011_001	89
NA	NA	48.23984	-122.81303	NA	NA	NA	21.1508	12	NA	NA	0	0	0	131473384	0	-1	5.31	"043331.000,4814.3904,N,12248.7818,W"	0	0	0	11/9/2009 4:35	2011_001	90
NA	NA	48.232078	-122.816292	NA	NA	NA	22.4362	12.03	NA	NA	0	0	0	131653481	0	-1	5.31	"043630.000,4813.9247,N,12248.9775,W"	0	0	0	11/9/2009 4:38	2011_001	91
NA	NA	48.22431	-122.819932	NA	NA	NA	23.0828	12.02	NA	NA	0	0	0	131833706	0	-1	5.31	"043930.000,4813.4586,N,12249.1959,W"	0	0	0	11/9/2009 4:41	2011_001	92
NA	NA	48.216553	-122.82157	NA	NA	NA	25.6833	11.98	NA	NA	0	0	0	132013660	0	-1	5.31	"044230.000,4812.9932,N,12249.2942,W"	0	0	0	11/9/2009 4:44	2011_001	93
NA	NA	48.208973	-122.823527	NA	NA	NA	23.7101	12.01	NA	NA	0	0	0	132193597	0	-1	5.31	"044526.000,4812.5384,N,12249.4116,W"	0	0	0	11/9/2009 4:47	2011_001	94
NA	NA	48.201847	-122.823092	NA	NA	NA	21.9651	11.99	NA	NA	0	0	0	132373433	0	-1	5.31	"044824.000,4812.1108,N,12249.3855,W"	0	0	0	11/9/2009 4:50	2011_001	95
NA	NA	48.195323	-122.81846	NA	NA	NA	20.2856	12.01	NA	NA	0	0	0	132553894	0	-1	5.31	"045124.000,4811.7194,N,12249.1076,W"	0	0	0	11/9/2009 4:53	2011_001	96
NA	NA	48.189677	-122.811833	NA	NA	NA	20.2483	12.04	NA	NA	0	0	0	132733357	0	-1	5.31	"045428.000,4811.3806,N,12248.7100,W"	0	0	0	11/9/2009 4:56	2011_001	97
NA	NA	48.184345	-122.80456	NA	NA	NA	20.4089	12.01	NA	NA	0	0	0	132913897	0	-1	5.31	"045735.000,4811.0607,N,12248.2736,W"	0	0	0	11/9/2009 4:59	2011_001	98
NA	NA	48.179398	-122.797245	NA	NA	NA	21.1473	12.02	NA	NA	0	0	0	133093774	0	-1	5.31	"050040.000,4810.7639,N,12247.8347,W"	0	0	0	11/9/2009 5:02	2011_001	99
NA	NA	48.174405	-122.789688	NA	NA	NA	20.7814	12.01	NA	NA	0	0	0	133273237	0	-1	5.31	"050344.000,4810.4643,N,12247.3813,W"	0	0	0	11/9/2009 5:05	2011_001	100
NA	NA	48.170485	-122.782235	NA	NA	NA	20.4107	12.04	NA	NA	0	0	0	133453752	0	-1	5.31	"050630.000,4810.2291,N,12246.9341,W"	0	0	0	11/9/2009 5:08	2011_001	101
NA	NA	48.166358	-122.774652	NA	NA	NA	20.3005	12.05	NA	NA	0	0	0	133633564	0	-1	5.31	"050926.000,4809.9815,N,12246.4791,W"	0	0	0	11/9/2009 5:11	2011_001	102
NA	NA	48.162227	-122.76623	NA	NA	NA	20.2352	12.04	NA	NA	0	0	0	133814020	0	-1	5.31	"051237.000,4809.7336,N,12245.9738,W"	0	0	0	11/9/2009 5:14	2011_001	103
NA	NA	48.159057	-122.758148	NA	NA	NA	20.6221	12.05	NA	NA	0	0	0	133993718	0	-1	5.31	"051537.000,4809.5434,N,12245.4889,W"	0	0	0	11/9/2009 5:17	2011_001	104
NA	NA	48.156498	-122.749067	NA	NA	NA	20.7055	12.02	NA	NA	0	0	0	134173943	0	-1	5.31	"051844.000,4809.3899,N,12244.9440,W"	0	0	0	11/9/2009 5:20	2011_001	105
NA	NA	48.153425	-122.741532	NA	NA	NA	20.5128	12.05	NA	NA	0	0	0	134353471	0	-1	5.31	"052129.000,4809.2055,N,12244.4919,W"	0	0	0	11/9/2009 5:23	2011_001	106
NA	NA	48.149493	-122.733552	NA	NA	NA	20.6164	12.03	NA	NA	0	0	0	134534048	0	-1	5.31	"052430.000,4808.9696,N,12244.0131,W"	0	0	0	11/9/2009 5:26	2011_001	107
NA	NA	48.145547	-122.72626	NA	NA	NA	20.1287	12.07	NA	NA	0	0	0	134713846	0	-1	5.31	"052726.000,4808.7328,N,12243.5756,W"	0	0	0	11/9/2009 5:29	2011_001	108
NA	NA	48.140708	-122.718367	NA	NA	NA	20.3135	12.05	NA	NA	0	0	0	134893548	0	-1	5.31	"053045.000,4808.4425,N,12243.1020,W"	0	0	0	11/9/2009 5:32	2011_001	109
NA	NA	48.136417	-122.711633	NA	NA	NA	20.0867	12.06	NA	NA	0	0	0	135074142	0	-1	5.31	"053333.000,4808.1850,N,12242.6980,W"	0	0	0	11/9/2009 5:35	2011_001	110
NA	NA	48.131862	-122.703747	NA	NA	NA	20.6141	12.06	NA	NA	0	0	0	135254407	0	-1	5.31	"053642.000,4807.9117,N,12242.2248,W"	0	0	0	11/9/2009 5:38	2011_001	111
NA	NA	48.128112	-122.696828	NA	NA	NA	20.2483	12.02	NA	NA	0	0	0	135434435	0	-1	5.31	"053929.000,4807.6867,N,12241.8097,W"	0	0	0	11/9/2009 5:41	2011_001	112
NA	NA	48.124178	-122.689203	NA	NA	NA	20.1013	12.04	NA	NA	0	0	0	135614398	0	-1	5.31	"054229.000,4807.4507,N,12241.3522,W"	0	0	0	11/9/2009 5:44	2011_001	113
NA	NA	48.119727	-122.6814	NA	NA	NA	20.3641	12	NA	NA	0	0	0	135794455	0	-1	5.31	"054540.000,4807.1836,N,12240.8840,W"	0	0	0	11/9/2009 5:47	2011_001	114
NA	NA	48.114935	-122.674977	NA	NA	NA	19.7591	12.03	NA	NA	0	0	0	135974415	0	-1	5.31	"054845.000,4806.8961,N,12240.4986,W"	0	0	0	11/9/2009 5:50	2011_001	115
NA	NA	48.110273	-122.669733	NA	NA	NA	19.5763	12.07	NA	NA	0	0	0	136154371	0	-1	5.31	"055130.000,4806.6164,N,12240.1840,W"	0	0	0	11/9/2009 5:53	2011_001	116
NA	NA	48.104973	-122.665202	NA	NA	NA	20.2605	12.06	NA	NA	0	0	0	136334503	0	-1	5.31	"055426.000,4806.2984,N,12239.9121,W"	0	0	0	11/9/2009 5:56	2011_001	117
NA	NA	48.098465	-122.664098	NA	NA	NA	19.4153	12.02	NA	NA	0	0	0	136514394	0	-1	5.31	"055729.000,4805.9079,N,12239.8459,W"	0	0	0	11/9/2009 5:59	2011_001	118
NA	NA	48.091475	-122.662047	NA	NA	NA	19.5512	12.05	NA	NA	0	0	0	136695037	0	-1	5.31	"060040.000,4805.4885,N,12239.7228,W"	0	0	0	11/9/2009 6:02	2011_001	119
NA	NA	48.08567	-122.65944	NA	NA	NA	19.7959	12.03	NA	NA	0	0	0	136874719	0	-1	5.31	"060323.000,4805.1402,N,12239.5664,W"	0	0	0	11/9/2009 6:05	2011_001	120
NA	NA	48.078968	-122.658243	NA	NA	NA	19.2656	11.99	NA	NA	0	0	0	137054592	0	-1	5.31	"060633.000,4804.7381,N,12239.4946,W"	0	0	0	11/9/2009 6:08	2011_001	121
NA	NA	48.072638	-122.65623	NA	NA	NA	18.9774	12.02	NA	NA	0	0	0	137234513	0	-1	5.31	"060938.000,4804.3583,N,12239.3738,W"	0	0	0	11/9/2009 6:11	2011_001	122
NA	NA	48.066212	-122.653933	NA	NA	NA	18.9287	12.02	NA	NA	0	0	0	137415099	0	-1	5.31	"061245.000,4803.9727,N,12239.2360,W"	0	0	0	11/9/2009 6:14	2011_001	123
NA	NA	48.060392	-122.65231	NA	NA	NA	19.1976	12.05	NA	NA	0	0	0	137595072	0	-1	5.31	"061531.000,4803.6235,N,12239.1386,W"	0	0	0	11/9/2009 6:17	2011_001	124
NA	NA	48.0545	-122.649923	NA	NA	NA	18.9577	12.03	NA	NA	0	0	0	137774625	0	-1	5.31	"061828.000,4803.2700,N,12238.9954,W"	0	0	0	11/9/2009 6:20	2011_001	125
NA	NA	48.048543	-122.648058	NA	NA	NA	18.9185	12.03	NA	NA	0	0	0	137955218	0	-1	5.31	"062131.000,4802.9126,N,12238.8835,W"	0	0	0	11/9/2009 6:23	2011_001	126
NA	NA	48.042828	-122.645695	NA	NA	NA	19.1168	12.01	NA	NA	0	0	0	138134718	0	-1	5.31	"062429.000,4802.5697,N,12238.7417,W"	0	0	0	11/9/2009 6:26	2011_001	127
NA	NA	48.036487	-122.643318	NA	NA	NA	19.0845	12.03	NA	NA	0	0	0	138315410	0	-1	5.31	"062742.000,4802.1892,N,12238.5991,W"	0	0	0	11/9/2009 6:29	2011_001	128
NA	NA	48.031455	-122.639912	NA	NA	NA	18.9398	12.02	NA	NA	0	0	0	138495626	0	-1	5.31	"063024.000,4801.8873,N,12238.3947,W"	0	0	0	11/9/2009 6:32	2011_001	129
NA	NA	48.025085	-122.635472	NA	NA	NA	18.9836	12.04	NA	NA	0	0	0	138674601	0	-1	5.31	"063347.000,4801.5051,N,12238.1283,W"	0	0	0	11/9/2009 6:35	2011_001	130
NA	NA	48.01987	-122.631952	NA	NA	NA	18.9695	11.99	NA	NA	0	0	0	138855339	0	-1	5.31	"063629.000,4801.1922,N,12237.9171,W"	0	0	0	11/9/2009 6:38	2011_001	131
NA	NA	48.014173	-122.628048	NA	NA	NA	18.798	12.01	NA	NA	0	0	0	139035565	0	-1	5.31	"063930.000,4800.8504,N,12237.6829,W"	0	0	0	11/9/2009 6:41	2011_001	132
NA	NA	48.008155	-122.624017	NA	NA	NA	18.9999	12.07	NA	NA	0	0	0	139215495	0	-1	5.31	"064235.000,4800.4893,N,12237.4410,W"	0	0	0	11/9/2009 6:44	2011_001	133
NA	NA	48.00231	-122.619887	NA	NA	NA	19.4443	12.05	NA	NA	0	0	0	139395524	0	-1	5.31	"064535.000,4800.1386,N,12237.1932,W"	0	0	0	11/9/2009 6:47	2011_001	134
NA	NA	47.996428	-122.615835	NA	NA	NA	19.9387	12.01	NA	NA	0	0	0	139576107	0	-1	5.31	"064831.000,4759.7857,N,12236.9501,W"	0	0	0	11/9/2009 6:50	2011_001	135
NA	NA	47.990215	-122.611717	NA	NA	NA	20.0641	12.04	NA	NA	0	0	0	139755734	0	-1	5.31	"065135.000,4759.4129,N,12236.7030,W"	0	0	0	11/9/2009 6:53	2011_001	136
NA	NA	47.984168	-122.607638	NA	NA	NA	20.3048	12.02	NA	NA	0	0	0	139936036	0	-1	5.31	"065435.000,4759.0501,N,12236.4583,W"	0	0	0	11/9/2009 6:56	2011_001	137
NA	NA	47.977862	-122.603227	NA	NA	NA	19.8633	12	NA	NA	0	0	0	140115565	0	-1	5.31	"065743.000,4758.6717,N,12236.1936,W"	0	0	0	11/9/2009 6:59	2011_001	138
NA	NA	47.971968	-122.599605	NA	NA	NA	19.5991	12.01	NA	NA	0	0	0	140296351	0	-1	5.31	"070044.000,4758.3181,N,12235.9763,W"	0	0	0	11/9/2009 7:02	2011_001	139
NA	NA	47.966197	-122.595002	NA	NA	NA	19.545	12.05	NA	NA	0	0	0	140476047	0	-1	5.31	"07034.000,4757.9718,N,12235.7001,W,"	0	0	0	11/9/2009 7:05	2011_001	140
NA	NA	47.96139	-122.591097	NA	NA	NA	19.217	12.03	NA	NA	0	0	0	140656205	0	-1	5.31	"070625.000,4757.6834,N,12235.4658,W"	0	0	0	11/9/2009 7:08	2011_001	141
NA	NA	47.957067	-122.584492	NA	NA	NA	17.9658	12.02	NA	NA	0	0	0	140835811	0	-1	5.31	"070935.000,4757.4240,N,12235.0695,W"	0	0	0	11/9/2009 7:11	2011_001	142
NA	NA	47.953237	-122.577343	NA	NA	NA	18.341	12.03	NA	NA	0	0	0	141016631	0	-1	5.31	"071239.000,4757.1942,N,12234.6406,W"	0	0	0	11/9/2009 7:14	2011_001	143
NA	NA	47.949937	-122.569948	NA	NA	NA	18.1001	12.05	NA	NA	0	0	0	141196460	0	-1	5.31	"071534.000,4756.9962,N,12234.1969,W"	0	0	0	11/9/2009 7:17	2011_001	144
NA	NA	47.946523	-122.562098	NA	NA	NA	18.1344	12.04	NA	NA	0	0	0	141376671	0	-1	5.31	"071839.000,4756.7914,N,12233.7259,W"	0	0	0	11/9/2009 7:20	2011_001	145
NA	NA	47.943147	-122.554412	NA	NA	NA	17.9365	12.05	NA	NA	0	0	0	141555980	0	-1	5.31	"072138.000,4756.5888,N,12233.2647,W"	0	0	0	11/9/2009 7:23	2011_001	146
NA	NA	47.939863	-122.547353	NA	NA	NA	18.0667	12.03	NA	NA	0	0	0	141736446	0	-1	5.31	"072439.000,4756.3918,N,12232.8412,W"	0	0	0	11/9/2009 7:26	2011_001	147
NA	NA	47.936593	-122.539995	NA	NA	NA	18.1892	12.04	NA	NA	0	0	0	141916313	0	-1	5.31	"072737.000,4756.1956,N,12232.3997,W"	0	0	0	11/9/2009 7:29	2011_001	148
NA	NA	47.933232	-122.532288	NA	NA	NA	18.545	12.02	NA	NA	0	0	0	142096377	0	-1	5.31	"073040.000,4755.9939,N,12231.9373,W"	0	0	0	11/9/2009 7:32	2011_001	149
NA	NA	47.930218	-122.525127	NA	NA	NA	18.3685	12.04	NA	NA	0	0	0	142276272	0	-1	5.31	"073330.000,4755.8131,N,12231.5076,W"	0	0	0	11/9/2009 7:35	2011_001	150
NA	NA	47.926995	-122.517105	NA	NA	NA	18.191	12.02	NA	NA	0	0	0	142457026	0	-1	5.31	"073640.000,4755.6197,N,12231.0263,W"	0	0	0	11/9/2009 7:38	2011_001	151
NA	NA	47.923972	-122.50934	NA	NA	NA	18.5791	12.05	NA	NA	0	0	0	142636486	0	-1	5.31	"073943.000,4755.4383,N,12230.5604,W"	0	0	0	11/9/2009 7:41	2011_001	152
NA	NA	47.921377	-122.502673	NA	NA	NA	19.0836	12.03	NA	NA	0	0	0	142816818	0	-1	5.31	"074224.000,4755.2826,N,12230.1604,W"	0	0	0	11/9/2009 7:44	2011_001	153
NA	NA	47.918843	-122.494478	NA	NA	NA	19.1628	12.03	NA	NA	0	0	0	142996864	0	-1	5.31	"074530.000,4755.1306,N,12229.6687,W"	0	0	0	11/9/2009 7:47	2011_001	154
NA	NA	47.916208	-122.485913	NA	NA	NA	19.2951	12.01	NA	NA	0	0	0	143177346	0	-1	5.31	"074843.000,4754.9725,N,12229.1548,W"	0	0	0	11/9/2009 7:50	2011_001	155
NA	NA	47.913928	-122.478465	NA	NA	NA	18.578	12.03	NA	NA	0	0	0	143356857	0	-1	5.31	"075130.000,4754.8357,N,12228.7079,W"	0	0	0	11/9/2009 7:53	2011_001	156
NA	NA	47.91101	-122.471048	NA	NA	NA	18.2646	12.07	NA	NA	0	0	0	143537485	0	-1	5.31	"075430.000,4754.6606,N,12228.2629,W"	0	0	0	11/9/2009 7:56	2011_001	157
NA	NA	47.90701	-122.463853	NA	NA	NA	17.9147	12.03	NA	NA	0	0	0	143716892	0	-1	5.31	"075740.000,4754.4206,N,12227.8312,W"	0	0	0	11/9/2009 7:59	2011_001	158
NA	NA	47.903027	-122.457163	NA	NA	NA	18.1484	12.02	NA	NA	0	0	0	143896305	0	-1	5.31	"080041.000,4754.1816,N,12227.4298,W"	0	0	0	11/9/2009 8:02	2011_001	159
NA	NA	47.898793	-122.450467	NA	NA	NA	17.9461	12.02	NA	NA	0	0	0	144076446	0	-1	5.31	"080344.000,4753.9276,N,12227.0280,W"	0	0	0	11/9/2009 8:05	2011_001	160
NA	NA	47.893757	-122.445237	NA	NA	NA	18.2671	12	NA	NA	0	0	0	144257273	0	-1	5.31	"080643.000,4753.6254,N,12226.7142,W"	0	0	0	11/9/2009 8:08	2011_001	161
NA	NA	47.888285	-122.439927	NA	NA	NA	18.2812	12.02	NA	NA	0	0	0	144437329	0	-1	5.31	"080948.000,4753.2971,N,12226.3956,W"	0	0	0	11/9/2009 8:11	2011_001	162
NA	NA	47.883775	-122.435317	NA	NA	NA	18.3773	12.04	NA	NA	0	0	0	144617365	0	-1	5.31	"081230.000,4753.0265,N,12226.1190,W"	0	0	0	11/9/2009 8:14	2011_001	163
NA	NA	47.882332	-122.426545	NA	NA	NA	18.1088	12.04	NA	NA	0	0	0	144797229	0	-1	5.31	"081530.000,4752.9399,N,12225.5927,W"	0	0	0	11/9/2009 8:17	2011_001	164
NA	NA	47.882882	-122.416735	NA	NA	NA	18.4405	12.03	NA	NA	0	0	0	144977773	0	-1	5.31	"081835.000,4752.9729,N,12225.0041,W"	0	0	0	11/9/2009 8:20	2011_001	165
NA	NA	47.883053	-122.406832	NA	NA	NA	18.4065	12.03	NA	NA	0	0	0	145157284	0	-1	5.31	"082139.000,4752.9832,N,12224.4099,W"	0	0	0	11/9/2009 8:23	2011_001	166
NA	NA	47.884563	-122.397632	NA	NA	NA	17.9913	12	NA	NA	0	0	0	145337906	0	-1	5.31	"082432.000,4753.0738,N,12223.8579,W"	0	0	0	11/9/2009 8:26	2011_001	167
NA	NA	47.888292	-122.388552	NA	NA	NA	18.0287	12.02	NA	NA	0	0	0	145517672	0	-1	5.31	"082740.000,4753.2975,N,12223.3131,W"	0	0	0	11/9/2009 8:29	2011_001	168
NA	NA	47.891757	-122.379472	NA	NA	NA	18.4368	12.03	NA	NA	0	0	0	145697668	0	-1	5.31	"083046.000,4753.5054,N,12222.7683,W"	0	0	0	11/9/2009 8:32	2011_001	169
NA	NA	47.895007	-122.370332	NA	NA	NA	18.6081	12.01	NA	NA	0	0	0	145877960	0	-1	5.31	"083346.000,4753.7004,N,12222.2199,W"	0	0	0	11/9/2009 8:35	2011_001	170
NA	NA	47.899675	-122.363438	NA	NA	NA	20.0286	12.05	NA	NA	0	0	0	146057984	0	-1	5.31	"083628.000,4753.9805,N,12221.8063,W"	0	0	0	11/9/2009 8:38	2011_001	171
NA	NA	47.906178	-122.35845	NA	NA	NA	21.9522	12.02	NA	NA	0	0	0	146237388	0	-1	5.31	"083933.000,4754.3707,N,12221.5070,W"	0	0	0	11/9/2009 8:41	2011_001	172
NA	NA	47.913602	-122.353382	NA	NA	NA	22.7492	12.02	NA	NA	0	0	0	146418470	0	-1	5.31	"084249.000,4754.8161,N,12221.2029,W"	0	0	0	11/9/2009 8:44	2011_001	173
NA	NA	47.919795	-122.350173	NA	NA	NA	22.7043	12.04	NA	NA	0	0	0	146597936	0	-1	5.31	"084529.000,4755.1877,N,12221.0104,W"	0	0	0	11/9/2009 8:47	2011_001	174
NA	NA	47.92716	-122.346585	NA	NA	NA	22.3833	12.02	NA	NA	0	0	0	146777164	0	-1	5.31	"084837.000,4755.6296,N,12220.7951,W"	0	0	0	11/9/2009 8:50	2011_001	175
NA	NA	47.934158	-122.342843	NA	NA	NA	21.909	12.03	NA	NA	0	0	0	146958190	0	-1	5.31	"085142.000,4756.0495,N,12220.5706,W"	0	0	0	11/9/2009 8:53	2011_001	176
NA	NA	47.940775	-122.340653	NA	NA	NA	21.6178	12.01	NA	NA	0	0	0	147138389	0	-1	5.31	"085428.000,4756.4465,N,12220.4392,W"	0	0	0	11/9/2009 8:56	2011_001	177
NA	NA	47.948282	-122.338195	NA	NA	NA	22.4429	12	NA	NA	0	0	0	147318171	0	-1	5.31	"085733.000,4756.8969,N,12220.2917,W"	0	0	0	11/9/2009 8:59	2011_001	178
NA	NA	47.955945	-122.335333	NA	NA	NA	23.9807	12.03	NA	NA	0	0	0	147498512	0	-1	5.31	"090037.000,4757.3567,N,12220.1200,W"	0	0	0	11/9/2009 9:02	2011_001	179
NA	NA	47.963807	-122.33275	NA	NA	NA	24.3171	12.03	NA	NA	0	0	0	147678363	0	-1	5.31	"090341.000,4757.8284,N,12219.9650,W"	0	0	0	11/9/2009 9:05	2011_001	180
NA	NA	47.972267	-122.332678	NA	NA	NA	24.2775	12.02	NA	NA	0	0	0	147858866	0	-1	5.31	"090649.000,4758.3360,N,12219.9607,W"	0	0	0	11/9/2009 9:08	2011_001	181
NA	NA	47.979362	-122.333477	NA	NA	NA	24.0932	12	NA	NA	0	0	0	148038184	0	-1	5.31	"090931.000,4758.7617,N,12220.0086,W"	0	0	0	11/9/2009 9:11	2011_001	182
NA	NA	47.987405	-122.335683	NA	NA	NA	23.0122	11.99	NA	NA	0	0	0	148217987	0	-1	5.31	"091237.000,4759.2443,N,12220.1410,W"	0	0	0	11/9/2009 9:14	2011_001	183
NA	NA	47.995663	-122.337803	NA	NA	NA	23.3568	12.01	NA	NA	0	0	0	148398037	0	-1	5.31	"091544.000,4759.7398,N,12220.2682,W"	0	0	0	11/9/2009 9:17	2011_001	184
NA	NA	48.003922	-122.339997	NA	NA	NA	24.0127	12.02	NA	NA	0	0	0	148577935	0	-1	5.31	"091849.000,4800.2353,N,12220.3998,W"	0	0	0	11/9/2009 9:20	2011_001	185
NA	NA	48.011157	-122.342658	NA	NA	NA	23.9649	11.99	NA	NA	0	0	0	148758241	0	-1	5.31	"092133.000,4800.6694,N,12220.5595,W"	0	0	0	11/9/2009 9:23	2011_001	186
NA	NA	48.019352	-122.345877	NA	NA	NA	23.868	12.03	NA	NA	0	0	0	148938358	0	-1	5.31	"092442.000,4801.1611,N,12220.7526,W"	0	0	0	11/9/2009 9:26	2011_001	187
NA	NA	48.027182	-122.35096	NA	NA	NA	23.871	12.1	NA	NA	0	0	0	149118585	0	-1	5.31	"092749.000,4801.6309,N,12221.0576,W"	0	0	0	11/9/2009 9:29	2011_001	188
NA	NA	48.03456	-122.356347	NA	NA	NA	24.4674	11.97	NA	NA	0	0	0	149298491	0	-1	5.31	"093049.000,4802.0736,N,12221.3808,W"	0	0	0	11/9/2009 9:32	2011_001	189
NA	NA	48.041655	-122.362822	NA	NA	NA	24.0177	12.05	NA	NA	0	0	0	149478471	0	-1	5.31	"093349.000,4802.4993,N,12221.7693,W"	0	0	0	11/9/2009 9:35	2011_001	190
NA	NA	48.045062	-122.372528	NA	NA	NA	23.56	11.97	NA	NA	0	0	0	149658268	0	-1	5.31	"093626.000,4802.7037,N,12222.3517,W"	0	0	0	11/9/2009 9:38	2011_001	191
NA	NA	48.048932	-122.38429	NA	NA	NA	22.2502	12	NA	NA	0	0	0	149838306	0	-1	5.31	"093935.000,4802.9359,N,12223.0574,W"	0	0	0	11/9/2009 9:41	2011_001	192
NA	NA	48.052715	-122.395903	NA	NA	NA	23.0989	12.03	NA	NA	0	0	0	150018534	0	-1	5.31	"094240.000,4803.1629,N,12223.7542,W"	0	0	0	11/9/2009 9:44	2011_001	193
NA	NA	48.056983	-122.407158	NA	NA	NA	23.2189	12.02	NA	NA	0	0	0	150198492	0	-1	5.31	"094546.000,4803.4190,N,12224.4295,W"	0	0	0	11/9/2009 9:47	2011_001	194
NA	NA	48.063352	-122.413693	NA	NA	NA	22.5167	12.05	NA	NA	0	0	0	150378513	0	-1	5.31	"094829.000,4803.8011,N,12224.8216,W"	0	0	0	11/9/2009 9:50	2011_001	195
NA	NA	48.070482	-122.42183	NA	NA	NA	22.7656	12.01	NA	NA	0	0	0	150558043	0	-1	5.31	"095135.000,4804.2289,N,12225.3098,W"	0	0	0	11/9/2009 9:53	2011_001	196
NA	NA	48.077205	-122.430933	NA	NA	NA	22.9977	12.01	NA	NA	0	0	0	150738570	0	-1	5.31	"095444.000,4804.6323,N,12225.8560,W"	0	0	0	11/9/2009 9:56	2011_001	197
NA	NA	48.083245	-122.43965	NA	NA	NA	22.3036	12.01	NA	NA	0	0	0	150918723	0	-1	5.31	"095737.000,4804.9947,N,12226.3790,W"	0	0	0	11/9/2009 9:59	2011_001	198
NA	NA	48.089638	-122.449138	NA	NA	NA	22.2717	12.01	NA	NA	0	0	0	151098834	0	-1	5.31	"100044.000,4805.3783,N,12226.9483,W"	0	0	0	11/9/2009 10:02	2011_001	199
NA	NA	48.095267	-122.457413	NA	NA	NA	21.4164	12.02	NA	NA	0	0	0	151278894	0	-1	5.31	"100326.000,4805.7160,N,12227.4448,W"	0	0	0	11/9/2009 10:05	2011_001	200
NA	NA	48.101602	-122.466898	NA	NA	NA	23.1751	12.02	NA	NA	0	0	0	151459016	0	-1	5.31	"100629.000,4806.0961,N,12228.0139,W"	0	0	0	11/9/2009 10:08	2011_001	201
NA	NA	48.106843	-122.478548	NA	NA	NA	23.6823	12.03	NA	NA	0	0	0	151638784	0	-1	5.31	"100946.000,4806.4106,N,12228.7129,W"	0	0	0	11/9/2009 10:11	2011_001	202
NA	NA	48.110122	-122.488785	NA	NA	NA	22.9003	12.04	NA	NA	0	0	0	151818935	0	-1	5.31	"101229.000,4806.6073,N,12229.3271,W"	0	0	0	11/9/2009 10:14	2011_001	203
NA	NA	48.113782	-122.499947	NA	NA	NA	20.8021	12.02	NA	NA	0	0	0	151999277	0	-1	5.31	"101531.000,4806.8269,N,12229.9968,W"	0	0	0	11/9/2009 10:17	2011_001	204
NA	NA	48.1174	-122.511013	NA	NA	NA	20.3611	12.03	NA	NA	0	0	0	152179002	0	-1	5.31	"101830.000,4807.0440,N,12230.6608,W"	0	0	0	11/9/2009 10:20	2011_001	205
NA	NA	48.121567	-122.521892	NA	NA	NA	19.4234	12.04	NA	NA	0	0	0	152358894	0	-1	5.31	"102135.000,4807.2940,N,12231.3135,W"	0	0	0	11/9/2009 10:23	2011_001	206
NA	NA	48.128953	-122.528737	NA	NA	NA	18.9533	12.02	NA	NA	0	0	0	152538890	0	-1	5.31	"102440.000,4807.7372,N,12231.7242,W"	0	0	0	11/9/2009 10:26	2011_001	207
NA	NA	48.138702	-122.540035	NA	NA	NA	18.5631	12.04	NA	NA	0	0	0	152719246	0	-1	5.31	"102745.000,4808.3221,N,12232.4021,W"	0	0	0	11/9/2009 10:29	2011_001	208
NA	NA	48.147318	-122.547787	NA	NA	NA	18.5518	12.03	NA	NA	0	0	0	152898912	0	-1	5.31	"103046.000,4808.8391,N,12232.8672,W"	0	0	0	11/9/2009 10:32	2011_001	209
NA	NA	48.15367	-122.547478	NA	NA	NA	18.6707	12.03	NA	NA	0	0	0	153079247	0	-1	5.31	"103342.000,4809.2202,N,12232.8487,W"	0	0	0	11/9/2009 10:35	2011_001	210
NA	NA	48.160712	-122.54808	NA	NA	NA	18.7364	12.04	NA	NA	0	0	0	153258602	0	-1	5.31	"103648.000,4809.6427,N,12232.8848,W"	0	0	0	11/9/2009 10:38	2011_001	211
NA	NA	48.167675	-122.55053	NA	NA	NA	19.2071	12.04	NA	NA	0	0	0	153438970	0	-1	5.31	"103942.000,4810.0605,N,12233.0318,W"	0	0	0	11/9/2009 10:41	2011_001	212
NA	NA	48.175	-122.553333	NA	NA	NA	19.6816	12.01	NA	NA	0	0	0	153619125	0	-1	5.31	"104229.000,4810.5000,N,12233.2000,W"	0	0	0	11/9/2009 10:44	2011_001	213
NA	NA	48.183333	-122.555833	NA	NA	NA	22.0364	12.02	NA	NA	0	0	0	153799374	0	-1	5.31	"104526.000,4811.0000,N,12233.3500,W"	0	0	0	11/9/2009 10:47	2011_001	214
NA	NA	48.190412	-122.55878	NA	NA	NA	21.6795	12	NA	NA	0	0	0	153979085	0	-1	5.31	"104838.000,4811.4247,N,12233.5268,W"	0	0	0	11/9/2009 10:50	2011_001	215
NA	NA	48.198778	-122.558972	NA	NA	NA	22.426	12.01	NA	NA	0	0	0	154159570	0	-1	5.31	"105147.000,4811.9267,N,12233.5383,W"	0	0	0	11/9/2009 10:53	2011_001	216
NA	NA	48.20666	-122.559223	NA	NA	NA	23.4995	12.06	NA	NA	0	0	0	154339123	0	-1	5.31	"105449.000,4812.3996,N,12233.5534,W"	0	0	0	11/9/2009 10:56	2011_001	217
NA	NA	48.213818	-122.55937	NA	NA	NA	24.206	12.12	NA	NA	0	0	0	154519558	0	-1	5.31	"105735.000,4812.8291,N,12233.5622,W"	0	0	0	11/9/2009 10:59	2011_001	218
NA	NA	48.221868	-122.559488	NA	NA	NA	24.6833	12.1	NA	NA	0	0	0	154699431	0	-1	5.31	"110038.000,4813.3121,N,12233.5693,W"	0	0	0	11/9/2009 11:02	2011_001	219
NA	NA	48.229785	-122.557852	NA	NA	NA	24.7571	12.03	NA	NA	0	0	0	154880255	0	-1	5.31	"110342.000,4813.7871,N,12233.4711,W"	0	0	0	11/9/2009 11:05	2011_001	220
NA	NA	48.237218	-122.555335	NA	NA	NA	25.1847	12.12	NA	NA	0	0	0	155059349	0	-1	5.31	"110642.000,4814.2331,N,12233.3201,W"	0	0	0	11/9/2009 11:08	2011_001	221
NA	NA	48.239055	-122.554092	NA	NA	NA	25.7546	12.1	NA	NA	0	0	0	155239516	0	-1	5.31	"110823.000,4814.3433,N,12233.2455,W"	0	0	0	11/9/2009 11:11	2011_001	222
NA	NA	48.239055	-122.554092	NA	NA	NA	26.2502	12.08	NA	NA	0	0	0	155419839	0	-1	5.31	"110823.000,4814.3433,N,12233.2455,W"	0	0	0	11/9/2009 11:14	2011_001	223
NA	NA	48.239055	-122.554092	NA	NA	NA	26.3181	12.06	NA	NA	0	0	0	155599886	0	-1	5.31	"110823.000,4814.3433,N,12233.2455,W"	0	0	0	11/9/2009 11:17	2011_001	224
NA	NA	48.239055	-122.554092	NA	NA	NA	26.3175	12.09	NA	NA	0	0	0	155779651	0	-1	5.31	"110823.000,4814.3433,N,12233.2455,W"	0	0	0	11/9/2009 11:20	2011_001	225
NA	NA	48.239055	-122.554092	NA	NA	NA	26.5542	12.12	NA	NA	0	0	0	155959644	0	-1	5.31	"110823.000,4814.3433,N,12233.2455,W"	0	0	0	11/9/2009 11:23	2011_001	226
NA	NA	48.239055	-122.554092	NA	NA	NA	26.7881	12.14	NA	NA	0	0	0	156140016	0	-1	5.31	"110823.000,4814.3433,N,12233.2455,W"	0	0	0	11/9/2009 11:26	2011_001	227
NA	NA	48.239055	-122.554092	NA	NA	NA	26.926	12.03	NA	NA	0	0	0	156319996	0	-1	5.31	"110823.000,4814.3433,N,12233.2455,W"	0	0	0	11/9/2009 11:29	2011_001	228
NA	NA	48.239055	-122.554092	NA	NA	NA	27.1836	12.06	NA	NA	0	0	0	156499674	0	-1	5.31	"110823.000,4814.3433,N,12233.2455,W"	0	0	0	11/9/2009 11:32	2011_001	229
NA	NA	48.239055	-122.554092	NA	NA	NA	27.4354	12.03	NA	NA	0	0	0	156680330	0	-1	5.31	"110823.000,4814.3433,N,12233.2455,W"	0	0	0	11/9/2009 11:35	2011_001	230
NA	NA	48.239055	-122.554092	NA	NA	NA	28.3843	12.09	NA	NA	0	0	0	156859912	0	-1	5.31	"110823.000,4814.3433,N,12233.2455,W"	0	0	0	11/9/2009 11:38	2011_001	231
NA	NA	48.239055	-122.554092	NA	NA	NA	29.8184	12.01	NA	NA	0	0	0	157040290	0	-1	5.31	"110823.000,4814.3433,N,12233.2455,W"	0	0	0	11/9/2009 11:41	2011_001	232
NA	NA	48.239055	-122.554092	NA	NA	NA	30.4057	11.99	NA	NA	0	0	0	157220148	0	-1	5.31	"110823.000,4814.3433,N,12233.2455,W"	0	0	0	11/9/2009 11:44	2011_001	233
NA	NA	48.239055	-122.554092	NA	NA	NA	30.402	12.09	NA	NA	0	0	0	157400206	0	-1	5.31	"110823.000,4814.3433,N,12233.2455,W"	0	0	0	11/9/2009 11:47	2011_001	234
NA	NA	48.239055	-122.554092	NA	NA	NA	30.7668	12.02	NA	NA	0	0	0	157580342	0	-1	5.31	"110823.000,4814.3433,N,12233.2455,W"	0	0	0	11/9/2009 11:50	2011_001	235
NA	NA	48.239055	-122.554092	NA	NA	NA	31.2401	12.03	NA	NA	0	0	0	157760503	0	-1	5.31	"110823.000,4814.3433,N,12233.2455,W"	0	0	0	11/9/2009 11:53	2011_001	236
NA	NA	48.239055	-122.554092	NA	NA	NA	31.6131	12.02	NA	NA	0	0	0	157940322	0	-1	5.31	"110823.000,4814.3433,N,12233.2455,W"	0	0	0	11/9/2009 11:56	2011_001	237
NA	NA	48.239055	-122.554092	NA	NA	NA	31.654	12.04	NA	NA	0	0	0	158120818	0	-1	5.31	"110823.000,4814.3433,N,12233.2455,W"	0	0	0	11/9/2009 11:59	2011_001	238
NA	NA	48.239055	-122.554092	NA	NA	NA	31.6738	12.05	NA	NA	0	0	0	158300041	0	-1	5.31	"110823.000,4814.3433,N,12233.2455,W"	0	0	0	11/9/2009 12:02	2011_001	239
NA	NA	48.239055	-122.554092	NA	NA	NA	29.7161	11.98	NA	NA	0	0	0	158480836	0	-1	5.31	"110823.000,4814.3433,N,12233.2455,W"	0	0	0	11/9/2009 12:05	2011_001	240
NA	NA	48.239055	-122.554092	NA	NA	NA	29.6991	12.1	NA	NA	0	0	0	158660375	0	-1	5.31	"110823.000,4814.3433,N,12233.2455,W"	0	0	0	11/9/2009 12:08	2011_001	241
NA	NA	48.239055	-122.554092	NA	NA	NA	31.1281	12.07	NA	NA	0	0	0	158840757	0	-1	5.31	"110823.000,4814.3433,N,12233.2455,W"	0	0	0	11/9/2009 12:11	2011_001	242
NA	NA	48.239055	-122.554092	NA	NA	NA	31.0282	12.04	NA	NA	0	0	0	159020633	0	-1	5.31	"110823.000,4814.3433,N,12233.2455,W"	0	0	0	11/9/2009 12:14	2011_001	243
NA	NA	48.239055	-122.554092	NA	NA	NA	31.0515	12.06	NA	NA	0	0	0	159200326	0	-1	5.31	"110823.000,4814.3433,N,12233.2455,W"	0	0	0	11/9/2009 12:17	2011_001	244
NA	NA	48.239055	-122.554092	NA	NA	NA	30.6827	12.1	NA	NA	0	0	0	159380718	0	-1	5.31	"110823.000,4814.3433,N,12233.2455,W"	0	0	0	11/9/2009 12:20	2011_001	245
NA	NA	48.239055	-122.554092	NA	NA	NA	30.7959	12.07	NA	NA	0	0	0	159560815	0	-1	5.31	"110823.000,4814.3433,N,12233.2455,W"	0	0	0	11/9/2009 12:23	2011_001	246
NA	NA	48.239055	-122.554092	NA	NA	NA	30.5426	12.01	NA	NA	0	0	0	159740974	0	-1	5.31	"110823.000,4814.3433,N,12233.2455,W"	0	0	0	11/9/2009 12:26	2011_001	247
NA	NA	48.239055	-122.554092	NA	NA	NA	30.1972	12.07	NA	NA	0	0	0	159921060	0	-1	5.31	"110823.000,4814.3433,N,12233.2455,W"	0	0	0	11/9/2009 12:29	2011_001	248
NA	NA	48.239055	-122.554092	NA	NA	NA	29.9519	12.03	NA	NA	0	0	0	160100925	0	-1	5.31	"110823.000,4814.3433,N,12233.2455,W"	0	0	0	11/9/2009 12:32	2011_001	249
NA	NA	48.239055	-122.554092	NA	NA	NA	29.0134	12.13	NA	NA	0	0	0	160280984	0	-1	5.31	"110823.000,4814.3433,N,12233.2455,W"	0	0	0	11/9/2009 12:35	2011_001	250
NA	NA	48.239055	-122.554092	NA	NA	NA	28.8275	12	NA	NA	0	0	0	160460883	0	-1	5.31	"110823.000,4814.3433,N,12233.2455,W"	0	0	0	11/9/2009 12:38	2011_001	251
NA	NA	48.239055	-122.554092	NA	NA	NA	28.859	12.1	NA	NA	0	0	0	160641203	0	-1	5.31	"110823.000,4814.3433,N,12233.2455,W"	0	0	0	11/9/2009 12:41	2011_001	252
NA	NA	48.239055	-122.554092	NA	NA	NA	28.4515	12.04	NA	NA	0	0	0	160821102	0	-1	5.31	"110823.000,4814.3433,N,12233.2455,W"	0	0	0	11/9/2009 12:44	2011_001	253
NA	NA	48.239055	-122.554092	NA	NA	NA	28.4728	12.12	NA	NA	0	0	0	161001303	0	-1	5.31	"110823.000,4814.3433,N,12233.2455,W"	0	0	0	11/9/2009 12:47	2011_001	254
NA	NA	48.239055	-122.554092	NA	NA	NA	28.0803	12.11	NA	NA	0	0	0	161181156	0	-1	5.31	"110823.000,4814.3433,N,12233.2455,W"	0	0	0	11/9/2009 12:50	2011_001	255
NA	NA	48.239055	-122.554092	NA	NA	NA	29.2087	12.1	NA	NA	0	0	0	161361469	0	-1	5.31	"110823.000,4814.3433,N,12233.2455,W"	0	0	0	11/9/2009 12:53	2011_001	256
NA	NA	48.239055	-122.554092	NA	NA	NA	30.8828	12.05	NA	NA	0	0	0	161541589	0	-1	5.31	"110823.000,4814.3433,N,12233.2455,W"	0	0	0	11/9/2009 12:56	2011_001	257
NA	NA	48.239055	-122.554092	NA	NA	NA	31.3893	12.11	NA	NA	0	0	0	161721335	0	-1	5.31	"110823.000,4814.3433,N,12233.2455,W"	0	0	0	11/9/2009 12:59	2011_001	258
NA	NA	48.239055	-122.554092	NA	NA	NA	32.056	12.07	NA	NA	0	0	0	161901759	0	-1	5.31	"110823.000,4814.3433,N,12233.2455,W"	0	0	0	11/9/2009 13:02	2011_001	259
NA	NA	48.239055	-122.554092	NA	NA	NA	32.6851	12.13	NA	NA	0	0	0	162081440	0	-1	5.31	"110823.000,4814.3433,N,12233.2455,W"	0	0	0	11/9/2009 13:05	2011_001	260
NA	NA	48.239055	-122.554092	NA	NA	NA	32.9564	12.05	NA	NA	0	0	0	162261288	0	-1	5.31	"110823.000,4814.3433,N,12233.2455,W"	0	0	0	11/9/2009 13:08	2011_001	261
NA	NA	48.239055	-122.554092	NA	NA	NA	33.183	12.05	NA	NA	0	0	0	162441851	0	-1	5.31	"110823.000,4814.3433,N,12233.2455,W"	0	0	0	11/9/2009 13:11	2011_001	262
NA	NA	48.239055	-122.554092	NA	NA	NA	33.4343	12.06	NA	NA	0	0	0	162621350	0	-1	5.31	"110823.000,4814.3433,N,12233.2455,W"	0	0	0	11/9/2009 13:14	2011_001	263
NA	NA	48.239055	-122.554092	NA	NA	NA	33.4338	12.1	NA	NA	0	0	0	162801809	0	-1	5.31	"110823.000,4814.3433,N,12233.2455,W"	0	0	0	11/9/2009 13:17	2011_001	264
NA	NA	48.239055	-122.554092	NA	NA	NA	33.4063	12.12	NA	NA	0	0	0	162981345	0	-1	5.31	"110823.000,4814.3433,N,12233.2455,W"	0	0	0	11/9/2009 13:20	2011_001	265
NA	NA	48.239055	-122.554092	NA	NA	NA	32.9411	12.05	NA	NA	0	0	0	163161902	0	-1	5.31	"110823.000,4814.3433,N,12233.2455,W"	0	0	0	11/9/2009 13:23	2011_001	266
NA	NA	48.239055	-122.554092	NA	NA	NA	32.1259	12.15	NA	NA	0	0	0	163341150	0	-1	5.31	"110823.000,4814.3433,N,12233.2455,W"	0	0	0	11/9/2009 13:26	2011_001	267
NA	NA	48.239055	-122.554092	NA	NA	NA	31.041	12.15	NA	NA	0	0	0	163522354	0	-1	5.31	"110823.000,4814.3433,N,12233.2455,W"	0	0	0	11/9/2009 13:29	2011_001	268
NA	NA	48.239055	-122.554092	NA	NA	NA	30.0682	12.05	NA	NA	0	0	0	163702218	0	-1	5.31	"110823.000,4814.3433,N,12233.2455,W"	0	0	0	11/9/2009 13:32	2011_001	269
NA	NA	48.239055	-122.554092	NA	NA	NA	27.3531	12.05	NA	NA	0	0	0	163881618	0	-1	5.31	"110823.000,4814.3433,N,12233.2455,W"	0	0	0	11/9/2009 13:35	2011_001	270
NA	NA	48.239055	-122.554092	NA	NA	NA	24.0842	12.04	NA	NA	0	0	0	164062566	0	-1	5.31	"110823.000,4814.3433,N,12233.2455,W"	0	0	0	11/9/2009 13:38	2011_001	271
NA	NA	48.239055	-122.554092	NA	NA	NA	22.3423	12.06	NA	NA	0	0	0	164243213	0	-1	5.31	"110823.000,4814.3433,N,12233.2455,W"	0	0	0	11/9/2009 13:41	2011_001	272
NA	NA	48.239055	-122.554092	NA	NA	NA	22.3492	12.05	NA	NA	0	0	0	164423038	0	-1	5.31	"110823.000,4814.3433,N,12233.2455,W"	0	0	0	11/9/2009 13:44	2011_001	273
NA	NA	48.239055	-122.554092	NA	NA	NA	22.2894	12.01	NA	NA	0	0	0	164602114	0	-1	5.31	"110823.000,4814.3433,N,12233.2455,W"	0	0	0	11/9/2009 13:47	2011_001	274
NA	NA	48.239055	-122.554092	NA	NA	NA	21.9985	12.06	NA	NA	0	0	0	164781873	0	-1	5.31	"110823.000,4814.3433,N,12233.2455,W"	0	0	0	11/9/2009 13:50	2011_001	275
NA	NA	48.239055	-122.554092	NA	NA	NA	21.6724	12.1	NA	NA	0	0	0	164961697	0	-1	5.31	"110823.000,4814.3433,N,12233.2455,W"	0	0	0	11/9/2009 13:53	2011_001	276
NA	NA	48.239055	-122.554092	NA	NA	NA	21.1991	12.07	NA	NA	0	0	0	165142570	0	-1	5.31	"110823.000,4814.3433,N,12233.2455,W"	0	0	0	11/9/2009 13:56	2011_001	277
NA	NA	48.239055	-122.554092	NA	NA	NA	21.5812	12.05	NA	NA	0	0	0	165322286	0	-1	5.31	"110823.000,4814.3433,N,12233.2455,W"	0	0	0	11/9/2009 13:59	2011_001	278
NA	NA	48.239055	-122.554092	NA	NA	NA	21.5489	12.04	NA	NA	0	0	0	165503121	0	-1	5.31	"110823.000,4814.3433,N,12233.2455,W"	0	0	0	11/9/2009 14:02	2011_001	279
NA	NA	48.239055	-122.554092	NA	NA	NA	20.8265	12	NA	NA	0	0	0	165683062	0	-1	5.31	"110823.000,4814.3433,N,12233.2455,W"	0	0	0	11/9/2009 14:05	2011_001	280
NA	NA	48.239055	-122.554092	NA	NA	NA	20.9101	12	NA	NA	0	0	0	165862918	0	-1	5.31	"110823.000,4814.3433,N,12233.2455,W"	0	0	0	11/9/2009 14:08	2011_001	281
NA	NA	48.239055	-122.554092	NA	NA	NA	20.9849	12.05	NA	NA	0	0	0	166043500	0	-1	5.31	"110823.000,4814.3433,N,12233.2455,W"	0	0	0	11/9/2009 14:11	2011_001	282
NA	NA	48.239055	-122.554092	NA	NA	NA	19.9877	11.98	NA	NA	0	0	0	166222746	0	-1	5.31	"110823.000,4814.3433,N,12233.2455,W"	0	0	0	11/9/2009 14:14	2011_001	283
NA	NA	48.239055	-122.554092	NA	NA	NA	20.6704	12.08	NA	NA	0	0	0	166402261	0	-1	5.31	"110823.000,4814.3433,N,12233.2455,W"	0	0	0	11/9/2009 14:17	2011_001	284
NA	NA	48.239055	-122.554092	NA	NA	NA	20.6272	12.08	NA	NA	0	0	0	166581498	0	-1	5.31	"110823.000,4814.3433,N,12233.2455,W"	0	0	0	11/9/2009 14:20	2011_001	285
NA	NA	48.239055	-122.554092	NA	NA	NA	20.027	11.99	NA	NA	0	0	0	166762993	0	-1	5.31	"110823.000,4814.3433,N,12233.2455,W"	0	0	0	11/9/2009 14:23	2011_001	286
NA	NA	48.239055	-122.554092	NA	NA	NA	20.7745	11.99	NA	NA	0	0	0	166942325	0	-1	5.31	"110823.000,4814.3433,N,12233.2455,W"	0	0	0	11/9/2009 14:26	2011_001	287
NA	NA	48.239055	-122.554092	NA	NA	NA	20.1465	12.06	NA	NA	0	0	0	167122810	0	-1	5.31	"110823.000,4814.3433,N,12233.2455,W"	0	0	0	11/9/2009 14:29	2011_001	288
NA	NA	48.239055	-122.554092	NA	NA	NA	21.1547	11.99	NA	NA	0	0	0	167303359	0	-1	5.31	"110823.000,4814.3433,N,12233.2455,W"	0	0	0	11/9/2009 14:32	2011_001	289
NA	NA	48.239055	-122.554092	NA	NA	NA	20.5058	12.02	NA	NA	0	0	0	167483010	0	-1	5.31	"110823.000,4814.3433,N,12233.2455,W"	0	0	0	11/9/2009 14:35	2011_001	290
NA	NA	48.239055	-122.554092	NA	NA	NA	20.3258	12.11	NA	NA	0	0	0	167662337	0	-1	5.31	"110823.000,4814.3433,N,12233.2455,W"	0	0	0	11/9/2009 14:38	2011_001	291
NA	NA	48.239055	-122.554092	NA	NA	NA	19.9675	12.11	NA	NA	0	0	0	167843029	0	-1	5.31	"110823.000,4814.3433,N,12233.2455,W"	0	0	0	11/9/2009 14:41	2011_001	292
NA	NA	48.239055	-122.554092	NA	NA	NA	18.7212	12.11	NA	NA	0	0	0	168023027	0	-1	5.31	"110823.000,4814.3433,N,12233.2455,W"	0	0	0	11/9/2009 14:44	2011_001	293
NA	NA	48.239055	-122.554092	NA	NA	NA	17.9896	12.08	NA	NA	0	0	0	168203121	0	-1	5.31	"110823.000,4814.3433,N,12233.2455,W"	0	0	0	11/9/2009 14:47	2011_001	294
NA	NA	48.239055	-122.554092	NA	NA	NA	18.0351	12.07	NA	NA	0	0	0	168382767	0	-1	5.31	"110823.000,4814.3433,N,12233.2455,W"	0	0	0	11/9/2009 14:50	2011_001	295
NA	NA	48.239055	-122.554092	NA	NA	NA	17.6214	12.06	NA	NA	0	0	0	168563470	0	-1	5.31	"110823.000,4814.3433,N,12233.2455,W"	0	0	0	11/9/2009 14:53	2011_001	296
NA	NA	48.239055	-122.554092	NA	NA	NA	17.4189	12.05	NA	NA	0	0	0	168742338	0	-1	5.31	"110823.000,4814.3433,N,12233.2455,W"	0	0	0	11/9/2009 14:56	2011_001	297
NA	NA	48.239055	-122.554092	NA	NA	NA	17.3842	12.01	NA	NA	0	0	0	168923692	0	-1	5.31	"110823.000,4814.3433,N,12233.2455,W"	0	0	0	11/9/2009 14:59	2011_001	298
NA	NA	48.239055	-122.554092	NA	NA	NA	17.3146	12	NA	NA	0	0	0	169102982	0	-1	5.31	"110823.000,4814.3433,N,12233.2455,W"	0	0	0	11/9/2009 15:02	2011_001	299
NA	NA	48.239055	-122.554092	NA	NA	NA	17.5293	12.02	NA	NA	0	0	0	169283320	0	-1	5.31	"110823.000,4814.3433,N,12233.2455,W"	0	0	0	11/9/2009 15:05	2011_001	300
NA	NA	48.239055	-122.554092	NA	NA	NA	18.1293	12.09	NA	NA	0	0	0	169462639	0	-1	5.31	"110823.000,4814.3433,N,12233.2455,W"	0	0	0	11/9/2009 15:08	2011_001	301
NA	NA	48.239055	-122.554092	NA	NA	NA	18.3853	11.99	NA	NA	0	0	0	169643609	0	-1	5.31	"110823.000,4814.3433,N,12233.2455,W"	0	0	0	11/9/2009 15:11	2011_001	302
NA	NA	48.239055	-122.554092	NA	NA	NA	18.1346	12.04	NA	NA	0	0	0	169822493	0	-1	5.31	"110823.000,4814.3433,N,12233.2455,W"	0	0	0	11/9/2009 15:14	2011_001	303
NA	NA	48.239055	-122.554092	NA	NA	NA	20.3258	12.01	NA	NA	0	0	0	170002899	0	-1	5.31	"110823.000,4814.3433,N,12233.2455,W"	0	0	0	11/9/2009 15:17	2011_001	304
NA	NA	48.239055	-122.554092	NA	NA	NA	20.9652	12.08	NA	NA	0	0	0	170182648	0	-1	5.31	"110823.000,4814.3433,N,12233.2455,W"	0	0	0	11/9/2009 15:20	2011_001	305
NA	NA	48.239055	-122.554092	NA	NA	NA	21.5506	12.07	NA	NA	0	0	0	170363210	0	-1	5.31	"110823.000,4814.3433,N,12233.2455,W"	0	0	0	11/9/2009 15:23	2011_001	306
NA	NA	48.239055	-122.554092	NA	NA	NA	21.6647	12.02	NA	NA	0	0	0	170542878	0	-1	5.31	"110823.000,4814.3433,N,12233.2455,W"	0	0	0	11/9/2009 15:26	2011_001	307
NA	NA	48.239055	-122.554092	NA	NA	NA	21.807	12.01	NA	NA	0	0	0	170723268	0	-1	5.31	"110823.000,4814.3433,N,12233.2455,W"	0	0	0	11/9/2009 15:29	2011_001	308
NA	NA	48.239055	-122.554092	NA	NA	NA	20.8574	12.02	NA	NA	0	0	0	170902737	0	-1	5.31	"110823.000,4814.3433,N,12233.2455,W"	0	0	0	11/9/2009 15:32	2011_001	309
NA	NA	48.239055	-122.554092	NA	NA	NA	20.1292	12.02	NA	NA	0	0	0	171082803	0	-1	5.31	"110823.000,4814.3433,N,12233.2455,W"	0	0	0	11/9/2009 15:35	2011_001	310
NA	NA	48.239055	-122.554092	NA	NA	NA	19.0086	12.04	NA	NA	0	0	0	171261729	0	-1	5.31	"110823.000,4814.3433,N,12233.2455,W"	0	0	0	11/9/2009 15:38	2011_001	311
NA	NA	48.239055	-122.554092	NA	NA	NA	18.8347	12.01	NA	NA	0	0	0	171443557	0	-1	5.31	"110823.000,4814.3433,N,12233.2455,W"	0	0	0	11/9/2009 15:41	2011_001	312
NA	NA	48.239055	-122.554092	NA	NA	NA	18.9734	12.02	NA	NA	0	0	0	171622105	0	-1	5.31	"110823.000,4814.3433,N,12233.2455,W"	0	0	0	11/9/2009 15:44	2011_001	313
NA	NA	48.239055	-122.554092	NA	NA	NA	18.853	12.05	NA	NA	0	0	0	171803014	0	-1	5.31	"110823.000,4814.3433,N,12233.2455,W"	0	0	0	11/9/2009 15:47	2011_001	314
NA	NA	48.239055	-122.554092	NA	NA	NA	18.7553	12.05	NA	NA	0	0	0	171982135	0	-1	5.31	"110823.000,4814.3433,N,12233.2455,W"	0	0	0	11/9/2009 15:50	2011_001	315
NA	NA	48.239055	-122.554092	NA	NA	NA	19.0473	12.05	NA	NA	0	0	0	172163166	0	-1	5.31	"110823.000,4814.3433,N,12233.2455,W"	0	0	0	11/9/2009 15:53	2011_001	316
NA	NA	48.239055	-122.554092	NA	NA	NA	18.8421	12.05	NA	NA	0	0	0	172342480	0	-1	5.31	"110823.000,4814.3433,N,12233.2455,W"	0	0	0	11/9/2009 15:56	2011_001	317
NA	NA	48.239055	-122.554092	NA	NA	NA	19.1002	11.98	NA	NA	0	0	0	172523109	0	-1	5.31	"110823.000,4814.3433,N,12233.2455,W"	0	0	0	11/9/2009 15:59	2011_001	318
NA	NA	48.239055	-122.554092	NA	NA	NA	18.9415	12	NA	NA	0	0	0	172702458	0	-1	5.31	"110823.000,4814.3433,N,12233.2455,W"	0	0	0	11/9/2009 16:02	2011_001	319
NA	NA	48.239055	-122.554092	NA	NA	NA	19.0381	12.03	NA	NA	0	0	0	172883598	0	-1	5.31	"110823.000,4814.3433,N,12233.2455,W"	0	0	0	11/9/2009 16:05	2011_001	320
NA	NA	48.239055	-122.554092	NA	NA	NA	18.9933	12.04	NA	NA	0	0	0	173062704	0	-1	5.31	"110823.000,4814.3433,N,12233.2455,W"	0	0	0	11/9/2009 16:08	2011_001	321
NA	NA	48.239055	-122.554092	NA	NA	NA	19.3185	12.04	NA	NA	0	0	0	173243736	0	-1	5.31	"110823.000,4814.3433,N,12233.2455,W"	0	0	0	11/9/2009 16:11	2011_001	322
NA	NA	48.239055	-122.554092	NA	NA	NA	20.3521	12.04	NA	NA	0	0	0	173422965	0	-1	5.31	"110823.000,4814.3433,N,12233.2455,W"	0	0	0	11/9/2009 16:14	2011_001	323
NA	NA	48.239055	-122.554092	NA	NA	NA	21.8668	12.03	NA	NA	0	0	0	173603156	0	-1	5.31	"110823.000,4814.3433,N,12233.2455,W"	0	0	0	11/9/2009 16:17	2011_001	324
NA	NA	48.239055	-122.554092	NA	NA	NA	23.7599	12.02	NA	NA	0	0	0	173782987	0	-1	5.31	"110823.000,4814.3433,N,12233.2455,W"	0	0	0	11/9/2009 16:20	2011_001	325
NA	NA	48.239055	-122.554092	NA	NA	NA	24.7655	12.01	NA	NA	0	0	0	173964117	0	-1	5.31	"110823.000,4814.3433,N,12233.2455,W"	0	0	0	11/9/2009 16:23	2011_001	326
NA	NA	48.239055	-122.554092	NA	NA	NA	24.9435	12.04	NA	NA	0	0	0	174143243	0	-1	5.31	"110823.000,4814.3433,N,12233.2455,W"	0	0	0	11/9/2009 16:26	2011_001	327
NA	NA	48.239055	-122.554092	NA	NA	NA	25.4238	11.99	NA	NA	0	0	0	174324355	0	-1	5.31	"110823.000,4814.3433,N,12233.2455,W"	0	0	0	11/9/2009 16:29	2011_001	328
NA	NA	48.239055	-122.554092	NA	NA	NA	25.7598	12.03	NA	NA	0	0	0	174503487	0	-1	5.31	"110823.000,4814.3433,N,12233.2455,W"	0	0	0	11/9/2009 16:32	2011_001	329
NA	NA	48.239055	-122.554092	NA	NA	NA	25.3941	12.01	NA	NA	0	0	0	174683861	0	-1	5.31	"110823.000,4814.3433,N,12233.2455,W"	0	0	0	11/9/2009 16:35	2011_001	330
NA	NA	48.239055	-122.554092	NA	NA	NA	25.2634	12.05	NA	NA	0	0	0	174863688	0	-1	5.31	"110823.000,4814.3433,N,12233.2455,W"	0	0	0	11/9/2009 16:38	2011_001	331
NA	NA	48.239055	-122.554092	NA	NA	NA	24.2379	12.05	NA	NA	0	0	0	175045063	0	-1	5.31	"110823.000,4814.3433,N,12233.2455,W"	0	0	0	11/9/2009 16:41	2011_001	332
NA	NA	48.239055	-122.554092	NA	NA	NA	23.6742	12.06	NA	NA	0	0	0	175223496	0	-1	5.31	"110823.000,4814.3433,N,12233.2455,W"	0	0	0	11/9/2009 16:44	2011_001	333
NA	NA	48.239055	-122.554092	NA	NA	NA	24.5607	12.01	NA	NA	0	0	0	175404296	0	-1	5.31	"110823.000,4814.3433,N,12233.2455,W"	0	0	0	11/9/2009 16:47	2011_001	334
NA	NA	48.239055	-122.554092	NA	NA	NA	25.4667	12.05	NA	NA	0	0	0	175583830	0	-1	5.31	"110823.000,4814.3433,N,12233.2455,W"	0	0	0	11/9/2009 16:50	2011_001	335
NA	NA	48.239055	-122.554092	NA	NA	NA	29.8965	11.96	NA	NA	0	0	0	175764296	0	-1	5.31	"110823.000,4814.3433,N,12233.2455,W"	0	0	0	11/9/2009 16:53	2011_001	336
NA	NA	48.239055	-122.554092	NA	NA	NA	30.0339	12.02	NA	NA	0	0	0	175944354	0	-1	5.31	"110823.000,4814.3433,N,12233.2455,W"	0	0	0	11/9/2009 16:56	2011_001	337
NA	NA	48.239055	-122.554092	NA	NA	NA	29.341	12.02	NA	NA	0	0	0	176125751	0	-1	5.31	"110823.000,4814.3433,N,12233.2455,W"	0	0	0	11/9/2009 16:59	2011_001	338
NA	NA	48.239055	-122.554092	NA	NA	NA	29.386	12.01	NA	NA	0	0	0	176305362	0	-1	5.31	"110823.000,4814.3433,N,12233.2455,W"	0	0	0	11/9/2009 17:02	2011_001	339
NA	NA	48.239055	-122.554092	NA	NA	NA	26.6293	12.01	NA	NA	0	0	0	176484807	0	-1	5.31	"110823.000,4814.3433,N,12233.2455,W"	0	0	0	11/9/2009 17:05	2011_001	340
NA	NA	48.239055	-122.554092	NA	NA	NA	26.9468	12.03	NA	NA	0	0	0	176663933	0	-1	5.31	"110823.000,4814.3433,N,12233.2455,W"	0	0	0	11/9/2009 17:08	2011_001	341
NA	NA	48.239055	-122.554092	NA	NA	NA	27.2966	12.01	NA	NA	0	0	0	176845216	0	-1	5.31	"110823.000,4814.3433,N,12233.2455,W"	0	0	0	11/9/2009 17:11	2011_001	342
NA	NA	48.239055	-122.554092	NA	NA	NA	27.3104	12.03	NA	NA	0	0	0	177024528	0	-1	5.31	"110823.000,4814.3433,N,12233.2455,W"	0	0	0	11/9/2009 17:14	2011_001	343
NA	NA	48.239055	-122.554092	NA	NA	NA	27.0686	12	NA	NA	0	0	0	177205415	0	-1	5.31	"110823.000,4814.3433,N,12233.2455,W"	0	0	0	11/9/2009 17:17	2011_001	344
NA	NA	48.239055	-122.554092	NA	NA	NA	25.4501	12.01	NA	NA	0	0	0	177384797	0	-1	5.31	"110823.000,4814.3433,N,12233.2455,W"	0	0	0	11/9/2009 17:20	2011_001	345
NA	NA	48.239055	-122.554092	NA	NA	NA	24.5142	12.04	NA	NA	0	0	0	177565070	0	-1	5.31	"110823.000,4814.3433,N,12233.2455,W"	0	0	0	11/9/2009 17:23	2011_001	346
NA	NA	48.239055	-122.554092	NA	NA	NA	23.5742	12.05	NA	NA	0	0	0	177744536	0	-1	5.31	"110823.000,4814.3433,N,12233.2455,W"	0	0	0	11/9/2009 17:26	2011_001	347
NA	NA	48.239055	-122.554092	NA	NA	NA	21.6852	12	NA	NA	0	0	0	177924817	0	-1	5.31	"110823.000,4814.3433,N,12233.2455,W"	0	0	0	11/9/2009 17:29	2011_001	348
NA	NA	48.239055	-122.554092	NA	NA	NA	21.4524	12.03	NA	NA	0	0	0	178103860	0	-1	5.31	"110823.000,4814.3433,N,12233.2455,W"	0	0	0	11/9/2009 17:32	2011_001	349
NA	NA	48.239055	-122.554092	NA	NA	NA	21.7559	12.06	NA	NA	0	0	0	178284340	0	-1	5.31	"110823.000,4814.3433,N,12233.2455,W"	0	0	0	11/9/2009 17:35	2011_001	350
NA	NA	48.239055	-122.554092	NA	NA	NA	21.3305	12.01	NA	NA	0	0	0	178463843	0	-1	5.31	"110823.000,4814.3433,N,12233.2455,W"	0	0	0	11/9/2009 17:38	2011_001	351
NA	NA	48.239055	-122.554092	NA	NA	NA	21.4756	12.02	NA	NA	0	0	0	178644509	0	-1	5.31	"110823.000,4814.3433,N,12233.2455,W"	0	0	0	11/9/2009 17:41	2011_001	352
NA	NA	48.239055	-122.554092	NA	NA	NA	20.3917	12.02	NA	NA	0	0	0	178824098	0	-1	5.31	"110823.000,4814.3433,N,12233.2455,W"	0	0	0	11/9/2009 17:44	2011_001	353
NA	NA	48.239055	-122.554092	NA	NA	NA	19.82	12	NA	NA	0	0	0	179004452	0	-1	5.31	"110823.000,4814.3433,N,12233.2455,W"	0	0	0	11/9/2009 17:47	2011_001	354
NA	NA	48.239055	-122.554092	NA	NA	NA	19.152	12.01	NA	NA	0	0	0	179184458	0	-1	5.31	"110823.000,4814.3433,N,12233.2455,W"	0	0	0	11/9/2009 17:50	2011_001	355
NA	NA	48.239055	-122.554092	NA	NA	NA	19.0445	12.03	NA	NA	0	0	0	179364148	0	-1	5.31	"110823.000,4814.3433,N,12233.2455,W"	0	0	0	11/9/2009 17:53	2011_001	356
NA	NA	48.239055	-122.554092	NA	NA	NA	18.5851	12.03	NA	NA	0	0	0	179543939	0	-1	5.31	"110823.000,4814.3433,N,12233.2455,W"	0	0	0	11/9/2009 17:56	2011_001	357
NA	NA	48.239055	-122.554092	NA	NA	NA	18.4873	12.02	NA	NA	0	0	0	179724572	0	-1	5.31	"110823.000,4814.3433,N,12233.2455,W"	0	0	0	11/9/2009 17:59	2011_001	358
NA	NA	48.239055	-122.554092	NA	NA	NA	18.4352	11.99	NA	NA	0	0	0	179904363	0	-1	5.31	"110823.000,4814.3433,N,12233.2455,W"	0	0	0	11/9/2009 18:02	2011_001	359
NA	NA	48.239055	-122.554092	NA	NA	NA	18.0046	12.01	NA	NA	0	0	0	180084742	0	-1	5.31	"110823.000,4814.3433,N,12233.2455,W"	0	0	0	11/9/2009 18:05	2011_001	360
NA	NA	48.239055	-122.554092	NA	NA	NA	18.0447	12.05	NA	NA	0	0	0	180264395	0	-1	5.31	"110823.000,4814.3433,N,12233.2455,W"	0	0	0	11/9/2009 18:08	2011_001	361
NA	NA	48.239055	-122.554092	NA	NA	NA	17.9153	12.04	NA	NA	0	0	0	180444888	0	-1	5.31	"110823.000,4814.3433,N,12233.2455,W"	0	0	0	11/9/2009 18:11	2011_001	362
NA	NA	48.239055	-122.554092	NA	NA	NA	17.5383	12.02	NA	NA	0	0	0	180624579	0	-1	5.31	"110823.000,4814.3433,N,12233.2455,W"	0	0	0	11/9/2009 18:14	2011_001	363
NA	NA	48.239055	-122.554092	NA	NA	NA	17.5152	12.02	NA	NA	0	0	0	180804647	0	-1	5.31	"110823.000,4814.3433,N,12233.2455,W"	0	0	0	11/9/2009 18:17	2011_001	364
NA	NA	48.239055	-122.554092	NA	NA	NA	17.7208	12	NA	NA	0	0	0	180984458	0	-1	5.31	"110823.000,4814.3433,N,12233.2455,W"	0	0	0	11/9/2009 18:20	2011_001	365
NA	NA	48.239055	-122.554092	NA	NA	NA	17.5412	12.04	NA	NA	0	0	0	181164801	0	-1	5.31	"110823.000,4814.3433,N,12233.2455,W"	0	0	0	11/9/2009 18:23	2011_001	366
NA	NA	48.239055	-122.554092	NA	NA	NA	17.9022	11.97	NA	NA	0	0	0	181344749	0	-1	5.31	"110823.000,4814.3433,N,12233.2455,W"	0	0	0	11/9/2009 18:26	2011_001	367
NA	NA	48.239055	-122.554092	NA	NA	NA	18.0361	12.03	NA	NA	0	0	0	181525092	0	-1	5.31	"110823.000,4814.3433,N,12233.2455,W"	0	0	0	11/9/2009 18:29	2011_001	368
NA	NA	48.239055	-122.554092	NA	NA	NA	17.9346	12	NA	NA	0	0	0	181704985	0	-1	5.31	"110823.000,4814.3433,N,12233.2455,W"	0	0	0	11/9/2009 18:32	2011_001	369
NA	NA	48.239055	-122.554092	NA	NA	NA	17.6264	12	NA	NA	0	0	0	181885008	0	-1	5.31	"110823.000,4814.3433,N,12233.2455,W"	0	0	0	11/9/2009 18:35	2011_001	370
NA	NA	48.239055	-122.554092	NA	NA	NA	17.6561	12.01	NA	NA	0	0	0	182065069	0	-1	5.31	"110823.000,4814.3433,N,12233.2455,W"	0	0	0	11/9/2009 18:38	2011_001	371
NA	NA	48.239055	-122.554092	NA	NA	NA	17.5119	11.99	NA	NA	0	0	0	182245288	0	-1	5.31	"110823.000,4814.3433,N,12233.2455,W"	0	0	0	11/9/2009 18:41	2011_001	372
NA	NA	48.239055	-122.554092	NA	NA	NA	17.1874	12	NA	NA	0	0	0	182425445	0	-1	5.31	"110823.000,4814.3433,N,12233.2455,W"	0	0	0	11/9/2009 18:44	2011_001	373
NA	NA	48.239055	-122.554092	NA	NA	NA	17.3048	12.01	NA	NA	0	0	0	182605159	0	-1	5.31	"110823.000,4814.3433,N,12233.2455,W"	0	0	0	11/9/2009 18:47	2011_001	374
NA	NA	48.239055	-122.554092	NA	NA	NA	17.2636	12.05	NA	NA	0	0	0	182785353	0	-1	5.31	"110823.000,4814.3433,N,12233.2455,W"	0	0	0	11/9/2009 18:50	2011_001	375
NA	NA	48.239055	-122.554092	NA	NA	NA	17.2928	12.08	NA	NA	0	0	0	182965634	0	-1	5.31	"110823.000,4814.3433,N,12233.2455,W"	0	0	0	11/9/2009 18:53	2011_001	376
NA	NA	48.239055	-122.554092	NA	NA	NA	16.8778	12	NA	NA	0	0	0	183145669	0	-1	5.31	"110823.000,4814.3433,N,12233.2455,W"	0	0	0	11/9/2009 18:56	2011_001	377
NA	NA	48.239055	-122.554092	NA	NA	NA	17.1432	11.99	NA	NA	0	0	0	183325650	0	-1	5.31	"110823.000,4814.3433,N,12233.2455,W"	0	0	0	11/9/2009 18:59	2011_001	378
NA	NA	48.239055	-122.554092	NA	NA	NA	17.2606	12.04	NA	NA	0	0	0	183505825	0	-1	5.31	"110823.000,4814.3433,N,12233.2455,W"	0	0	0	11/9/2009 19:02	2011_001	379
NA	NA	48.239055	-122.554092	NA	NA	NA	17.2528	11.99	NA	NA	0	0	0	183685887	0	-1	5.31	"110823.000,4814.3433,N,12233.2455,W"	0	0	0	11/9/2009 19:05	2011_001	380
NA	NA	48.239055	-122.554092	NA	NA	NA	17.1382	12.02	NA	NA	0	0	0	183866010	0	-1	5.31	"110823.000,4814.3433,N,12233.2455,W"	0	0	0	11/9/2009 19:08	2011_001	381
NA	NA	48.239055	-122.554092	NA	NA	NA	17.442	12.03	NA	NA	0	0	0	184045915	0	-1	5.31	"110823.000,4814.3433,N,12233.2455,W"	0	0	0	11/9/2009 19:11	2011_001	382
NA	NA	48.239055	-122.554092	NA	NA	NA	17.2172	12.08	NA	NA	0	0	0	184225766	0	-1	5.31	"110823.000,4814.3433,N,12233.2455,W"	0	0	0	11/9/2009 19:14	2011_001	383
NA	NA	48.239055	-122.554092	NA	NA	NA	17.4706	12	NA	NA	0	0	0	184406024	0	-1	5.31	"110823.000,4814.3433,N,12233.2455,W"	0	0	0	11/9/2009 19:17	2011_001	384
NA	NA	48.239055	-122.554092	NA	NA	NA	17.3599	12.04	NA	NA	0	0	0	184585845	0	-1	5.31	"110823.000,4814.3433,N,12233.2455,W"	0	0	0	11/9/2009 19:20	2011_001	385
NA	NA	48.239055	-122.554092	NA	NA	NA	17.2846	12.04	NA	NA	0	0	0	184765947	0	-1	5.31	"110823.000,4814.3433,N,12233.2455,W"	0	0	0	11/9/2009 19:23	2011_001	386
NA	NA	48.239055	-122.554092	NA	NA	NA	17.2654	12.02	NA	NA	0	0	0	184946867	0	-1	5.31	"110823.000,4814.3433,N,12233.2455,W"	0	0	0	11/9/2009 19:26	2011_001	387
NA	NA	48.239055	-122.554092	NA	NA	NA	17.1649	12.05	NA	NA	0	0	0	185126300	0	-1	5.31	"110823.000,4814.3433,N,12233.2455,W"	0	0	0	11/9/2009 19:29	2011_001	388
NA	NA	48.239055	-122.554092	NA	NA	NA	17.2109	12.07	NA	NA	0	0	0	185306896	0	-1	5.31	"110823.000,4814.3433,N,12233.2455,W"	0	0	0	11/9/2009 19:32	2011_001	389
NA	NA	48.239055	-122.554092	NA	NA	NA	16.9976	12.07	NA	NA	0	0	0	185486268	0	-1	5.31	"110823.000,4814.3433,N,12233.2455,W"	0	0	0	11/9/2009 19:35	2011_001	390
NA	NA	48.239055	-122.554092	NA	NA	NA	16.9592	12.02	NA	NA	0	0	0	185666752	0	-1	5.31	"110823.000,4814.3433,N,12233.2455,W"	0	0	0	11/9/2009 19:38	2011_001	391
NA	NA	48.239055	-122.554092	NA	NA	NA	17.471	12.04	NA	NA	0	0	0	185846462	0	-1	5.31	"110823.000,4814.3433,N,12233.2455,W"	0	0	0	11/9/2009 19:41	2011_001	392
NA	NA	48.239055	-122.554092	NA	NA	NA	16.9838	12.05	NA	NA	0	0	0	186026974	0	-1	5.31	"110823.000,4814.3433,N,12233.2455,W"	0	0	0	11/9/2009 19:44	2011_001	393
NA	NA	48.239055	-122.554092	NA	NA	NA	17.0726	12.06	NA	NA	0	0	0	186206682	0	-1	5.31	"110823.000,4814.3433,N,12233.2455,W"	0	0	0	11/9/2009 19:47	2011_001	394
NA	NA	48.239055	-122.554092	NA	NA	NA	17.0607	12.05	NA	NA	0	0	0	186387212	0	-1	5.31	"110823.000,4814.3433,N,12233.2455,W"	0	0	0	11/9/2009 19:50	2011_001	395
NA	NA	48.239055	-122.554092	NA	NA	NA	17.2901	12.05	NA	NA	0	0	0	186566731	0	-1	5.31	"110823.000,4814.3433,N,12233.2455,W"	0	0	0	11/9/2009 19:53	2011_001	396
NA	NA	48.239055	-122.554092	NA	NA	NA	16.9034	12.06	NA	NA	0	0	0	186747634	0	-1	5.31	"110823.000,4814.3433,N,12233.2455,W"	0	0	0	11/9/2009 19:56	2011_001	397
NA	NA	48.239055	-122.554092	NA	NA	NA	17.2384	12.08	NA	NA	0	0	0	186927024	0	-1	5.31	"110823.000,4814.3433,N,12233.2455,W"	0	0	0	11/9/2009 19:59	2011_001	398
NA	NA	48.239055	-122.554092	NA	NA	NA	17.5529	12.02	NA	NA	0	0	0	187107582	0	-1	5.31	"110823.000,4814.3433,N,12233.2455,W"	0	0	0	11/9/2009 20:02	2011_001	399
NA	NA	48.239055	-122.554092	NA	NA	NA	17.8631	12.06	NA	NA	0	0	0	187287331	0	-1	5.31	"110823.000,4814.3433,N,12233.2455,W"	0	0	0	11/9/2009 20:05	2011_001	400
NA	NA	48.239055	-122.554092	NA	NA	NA	17.1164	12.05	NA	NA	0	0	0	187468228	0	-1	5.31	"110823.000,4814.3433,N,12233.2455,W"	0	0	0	11/9/2009 20:08	2011_001	401
NA	NA	48.239055	-122.554092	NA	NA	NA	18.638	12.04	NA	NA	0	0	0	187647291	0	-1	5.31	"110823.000,4814.3433,N,12233.2455,W"	0	0	0	11/9/2009 20:11	2011_001	402
NA	NA	48.239055	-122.554092	NA	NA	NA	19.4994	12.03	NA	NA	0	0	0	187828051	0	-1	5.31	"110823.000,4814.3433,N,12233.2455,W"	0	0	0	11/9/2009 20:14	2011_001	403
NA	NA	48.239055	-122.554092	NA	NA	NA	19.2463	11.99	NA	NA	0	0	0	188007457	0	-1	5.31	"110823.000,4814.3433,N,12233.2455,W"	0	0	0	11/9/2009 20:17	2011_001	404
